0 processo0 1.76323269562 17.1974915769
1 processo1 1.58362446116 4.06705337314
2 processo2 3.12464900037 32.4242353558
3 processo3 2.43811280651 8.01279750776
4 processo4 0.0939510316134 5.69657934092
5 processo5 3.06085254635 16.6670924035
6 processo6 2.88423128738 25.9857796854
7 processo7 0.0103642346739 7.39488976158
8 processo8 1.44670658794 16.3963539149
9 processo9 1.7308267255 19.7083755906
10 processo10 2.06430116376 19.1504150725
11 processo11 3.55775024284 36.0784914823
12 processo12 1.13861517481 16.6199508351
13 processo13 1.66959883224 28.6665887381
14 processo14 1.39684124704 21.6680672241
15 processo15 3.5751114647 22.5159814238
16 processo16 1.72216355739 21.4309651978
17 processo17 0.550558354707 21.8594350118
18 processo18 0.25395163412 20.4915768918
19 processo19 0.704231460806 24.0350979809
20 processo20 0.324142513495 23.5477845712
21 processo21 2.86474318581 36.359232462
22 processo22 0.612102346859 24.9001986622
23 processo23 0.698378300429 26.9059063907
24 processo24 2.91995778989 39.7003491289
25 processo25 1.64056723187 35.1868435556
26 processo26 2.50520739682 29.3142959696
27 processo27 2.62331317106 32.6245889047
28 processo28 0.757697717718 33.5545148681
29 processo29 2.56130447823 43.8024249879
30 processo30 1.99961077932 34.7965914562
31 processo31 1.0397550723 38.055994604
32 processo32 2.12966995215 47.0138706382
33 processo33 2.11653147138 44.4903879143
34 processo34 1.87552071553 45.4058827898
35 processo35 1.6759981947 36.7680997412
36 processo36 0.704901285643 41.6534740348
37 processo37 1.64360249905 44.0363260205
38 processo38 0.792205737731 45.9752000491
39 processo39 0.456694985132 40.7311663966
40 processo40 1.96345015388 53.9970564105
41 processo41 3.01869240278 56.2280297619
42 processo42 2.59800558201 61.2002725231
43 processo43 1.12685908039 51.3833331591
44 processo44 3.39191643244 68.6941150321
45 processo45 3.80425902162 55.3898299836
46 processo46 1.29014566573 47.5400338662
47 processo47 1.28523422526 57.0746669906
48 processo48 2.0515859199 56.6472246935
49 processo49 3.13195615594 72.4783298893
