0 processo0 1.73090517607 6.22519533131
1 processo1 1.33233042888 4.31580615055
2 processo2 2.82047004568 23.9549644615
3 processo3 1.75575989854 11.0271868477
4 processo4 0.459527192342 5.50855330469
5 processo5 2.94570150508 34.2871698602
6 processo6 2.99523937943 27.7632949014
7 processo7 0.450845517708 7.46388079681
8 processo8 2.89913850895 12.2129082577
9 processo9 1.25100033353 19.6879208395
10 processo10 3.79762846446 23.4403429643
11 processo11 1.69100393917 26.656628274
12 processo12 1.17772862635 21.2315145929
13 processo13 0.495070637142 15.2103819287
14 processo14 1.42023668831 20.2808392944
15 processo15 0.13289856251 16.9797199728
16 processo16 0.940190724791 24.5953402737
17 processo17 3.91989417484 52.9486334382
18 processo18 0.423855251655 21.2377531612
19 processo19 0.352978190823 22.3667453838
20 processo20 0.911053052602 22.0747304945
21 processo21 3.69605299948 56.4098972296
22 processo22 3.46059885639 33.5848874426
23 processo23 1.91068843809 41.9261709822
24 processo24 1.68085722 36.7951055506
25 processo25 1.73629437341 43.3191317582
26 processo26 0.0648716325678 26.5809438343
27 processo27 2.28768523054 32.4977352655
28 processo28 3.1354906242 56.9442448156
29 processo29 1.95394904025 34.4538803258
30 processo30 0.275223318376 32.9957160136
31 processo31 2.00548746325 51.7311904541
32 processo32 2.0291702045 52.6412697143
33 processo33 1.79971109686 47.6651497826
34 processo34 2.02717579927 44.7904713289
35 processo35 0.247335397225 37.2817011834
36 processo36 2.23025928518 48.5292770335
37 processo37 3.96216866728 74.9975146124
38 processo38 3.92165832618 74.5781568268
39 processo39 2.70950283439 56.2596754059
40 processo40 2.34164419139 47.9330585525
41 processo41 1.44778941236 53.3631112915
42 processo42 3.56122651209 65.1623388982
43 processo43 2.74477526301 55.216657705
44 processo44 1.09717433576 46.4575336974
45 processo45 1.59756142102 54.9317795053
46 processo46 2.09053135686 53.2147425917
47 processo47 3.05603824065 52.3026913602
48 processo48 2.27065253664 51.0040630832
49 processo49 1.4695924454 64.1322704508
