0 processo0 0.484183539001 2.91099241792
1 processo1 1.23240320605 4.55750551917
2 processo2 2.56647507845 28.463604243
3 processo3 1.86067339474 17.6822191195
4 processo4 0.794596546059 8.18792742876
5 processo5 0.865345503559 6.68511175792
6 processo6 3.38524931419 36.1027863777
7 processo7 2.97892263984 35.2416995824
8 processo8 0.648048668725 14.7891388667
9 processo9 2.33141964902 18.4804109304
10 processo10 2.75912005707 21.8668173678
11 processo11 0.934740049513 16.8509918395
12 processo12 0.187880644358 14.1486693382
13 processo13 1.91665090233 27.2053739004
14 processo14 2.44115774804 22.0771062766
15 processo15 0.228719070265 15.3943064358
16 processo16 3.40663401515 44.3768231951
17 processo17 1.73184426964 28.3180565816
18 processo18 0.741475513693 25.1564653065
19 processo19 0.275429384546 22.4588976401
20 processo20 2.5695604072 27.5621670721
21 processo21 0.126556021729 22.7127770428
22 processo22 0.563284955964 26.1742287519
23 processo23 3.1281396533 26.6541432446
24 processo24 0.22440222563 27.0413827418
25 processo25 0.997518698258 30.0605974629
26 processo26 0.855052488102 27.9827099282
27 processo27 3.13458398512 49.915510898
28 processo28 3.66101335183 43.8970323134
29 processo29 0.885012298095 31.7302009948
30 processo30 2.58413160071 54.959009579
31 processo31 3.75086874065 61.2235078895
32 processo32 1.7601919787 40.7735757443
33 processo33 2.67316022627 48.588169025
34 processo34 0.923715050324 41.746325062
35 processo35 0.46933161113 38.2141041936
36 processo36 3.80292000149 54.600423791
37 processo37 0.119368500427 38.1368325615
38 processo38 3.827773812 54.6041300232
39 processo39 2.55307291561 56.8803449076
40 processo40 2.92387244713 63.2001127074
41 processo41 0.373523176803 41.7391888965
42 processo42 2.72280162601 66.5648020355
43 processo43 0.792796493479 50.7234118999
44 processo44 3.82672295761 61.999897012
45 processo45 2.54391171418 65.7026631966
46 processo46 3.02491963275 67.1833022638
47 processo47 0.127271936423 48.9612878314
48 processo48 1.38194559895 61.0529974545
49 processo49 0.450886305516 52.6204484495
