0 processo0 0.191649246743 0.282010144947
1 processo1 0.723962287434 3.83527533035
2 processo2 0.248320840358 3.1419580586
3 processo3 0.248822123187 6.03367922321
4 processo4 2.8312000047 32.4100085433
5 processo5 2.51107682056 13.6833318711
6 processo6 2.12479713122 17.5053597577
7 processo7 0.835365484208 9.67708128025
8 processo8 0.262756412676 8.62069509366
9 processo9 3.68892201297 21.9364721104
10 processo10 1.41634997878 17.3904503858
11 processo11 3.38655368733 23.6876175943
12 processo12 2.21014827749 26.8303604918
13 processo13 0.0472736899487 13.1786614923
14 processo14 2.1180168361 35.3136871726
15 processo15 0.764291763647 18.2631961937
16 processo16 2.5520262794 38.1950262949
17 processo17 0.705543208605 20.9756442395
18 processo18 2.2520178708 36.357182186
19 processo19 3.34967483902 37.8975200688
20 processo20 0.899533092051 24.4651708633
21 processo21 3.71862642393 35.3251579072
22 processo22 1.13833074168 32.6746520976
23 processo23 3.32976177205 33.4991523298
24 processo24 0.507553778772 28.0286779556
25 processo25 3.42451617292 40.2037591252
26 processo26 0.818072456145 34.3057431193
27 processo27 1.54522109938 29.0543240351
28 processo28 3.60846516657 40.2330073903
29 processo29 0.534540424484 31.1950573826
30 processo30 3.49424027844 47.9634577495
31 processo31 0.402853711655 31.4491969335
32 processo32 2.84045219561 50.6570022292
33 processo33 3.75083387559 48.8248321522
34 processo34 2.01360175245 47.7968866041
35 processo35 3.35776753127 60.5380479268
36 processo36 0.06580940855 37.3614060337
37 processo37 1.25814224906 44.5661597388
38 processo38 1.32902481509 41.0274302185
39 processo39 3.8170402389 69.2841679328
40 processo40 3.30508846938 64.6403544304
41 processo41 0.314231546928 44.0997508814
42 processo42 0.530628231544 45.5924755669
43 processo43 0.984778161715 50.4396210859
44 processo44 1.41120805592 50.5084998213
45 processo45 1.64344744378 49.8274638764
46 processo46 2.1037058146 50.4105607091
47 processo47 1.65033704634 54.3122574136
48 processo48 1.03160736591 50.6755752843
49 processo49 3.05185694006 55.5782705775
