0 processo0 1.96930712192 10.7719118731
1 processo1 1.42524198812 13.5541867922
2 processo2 1.59983642918 13.6230990539
3 processo3 3.73083727834 14.0479591505
4 processo4 1.56096878343 18.3357403956
5 processo5 1.86802490084 17.7919128754
6 processo6 1.68523016412 17.1644869076
7 processo7 2.38637163995 22.2310540005
8 processo8 2.76938205453 25.0908194483
9 processo9 1.11006629318 17.3257205046
10 processo10 3.82084804603 43.5315607152
11 processo11 0.480122580707 11.492585677
12 processo12 2.70471082654 22.2751838433
13 processo13 2.61340706652 29.6945722339
14 processo14 0.422899383343 18.1297136611
15 processo15 3.2985265967 24.1022604047
16 processo16 0.746147945354 20.192569468
17 processo17 3.15354089543 31.9070561009
18 processo18 2.93123957574 39.6294530174
19 processo19 1.24064466659 27.3338416967
20 processo20 1.81519167825 25.0206749299
21 processo21 1.25087174337 32.6199398396
22 processo22 3.54752124731 54.9312021411
23 processo23 3.00304024804 49.3294567719
24 processo24 3.92131044989 36.3817900468
25 processo25 0.535946694787 27.4140973843
26 processo26 1.02194096356 28.692962508
27 processo27 2.06223554638 43.1765032435
28 processo28 0.0740859352357 29.6322156289
29 processo29 0.83955545369 36.4717070485
30 processo30 0.717956297042 31.4142724862
31 processo31 3.76327626692 60.3386876981
32 processo32 0.0829333159906 32.9126246046
33 processo33 2.21056979705 45.5566359513
34 processo34 1.61885560682 50.4275005586
35 processo35 3.63272303635 60.7925655709
36 processo36 1.33125050721 45.0564310018
37 processo37 1.97447007253 51.5245607121
38 processo38 0.46893906078 41.7452979765
39 processo39 0.6667417298 43.8529836538
40 processo40 0.240303477066 43.2449215964
41 processo41 3.2251584849 51.6998843417
42 processo42 3.15731763124 49.9144225676
43 processo43 0.876720259894 52.5130995496
44 processo44 2.093655991 56.090646093
45 processo45 1.39671252041 59.3104557992
46 processo46 2.58061601508 59.7533793406
47 processo47 0.0777287792352 48.461095086
48 processo48 0.886160709254 53.7959405229
49 processo49 1.08216744028 53.2432947366
