0 processo0 0.536442717769 4.06721555699
1 processo1 0.265989014204 1.57744081609
2 processo2 0.528308880036 5.16521572885
3 processo3 1.30826109286 6.76934934391
4 processo4 0.66044901219 8.4852837131
5 processo5 2.23148745933 14.182758695
6 processo6 1.05565059656 10.8920649581
7 processo7 3.02112171284 14.9753629044
8 processo8 1.65396149484 17.6332767814
9 processo9 3.15506103815 12.6185152393
10 processo10 0.295565460093 12.5165114155
11 processo11 1.2307806876 19.7304226152
12 processo12 0.11026051065 12.838523654
13 processo13 0.460996919821 16.7488461638
14 processo14 2.88143490879 31.4752443923
15 processo15 2.959943892 21.1418265955
16 processo16 0.944451122198 21.7185838425
17 processo17 0.955390220694 18.3098800872
18 processo18 2.09173006972 33.8264825495
19 processo19 0.748049127011 27.0200575802
20 processo20 3.09452645761 39.7324860456
21 processo21 2.44573774767 31.8721598604
22 processo22 0.944799530526 27.2525122521
23 processo23 1.28329144785 35.3897479913
24 processo24 1.16916247886 32.4821196314
25 processo25 0.367731895598 25.5511588335
26 processo26 1.42873307767 38.0302080617
27 processo27 3.09271467393 58.535553236
28 processo28 1.22794195038 32.6940960766
29 processo29 3.45563137692 35.1085515303
30 processo30 0.0172288267536 30.4114698733
31 processo31 2.49558437105 45.37444077
32 processo32 3.45366459425 58.7688889654
33 processo33 1.1434100651 36.6966486286
34 processo34 2.9302273389 61.8886727617
35 processo35 1.1600025279 45.1306791873
36 processo36 0.135671671823 36.8463351181
37 processo37 0.318501978128 39.9363438907
38 processo38 3.77041986043 70.3702270892
39 processo39 1.81249937561 45.3049605903
40 processo40 3.65712475283 67.341847102
41 processo41 0.829590087552 49.0311166348
42 processo42 2.82004168254 69.6615340372
43 processo43 3.9775947503 64.3883811784
44 processo44 1.11821100777 50.1768312279
45 processo45 3.14332870848 56.896180374
46 processo46 0.242374010697 46.675790154
47 processo47 1.78918922741 52.2687264572
48 processo48 3.49475855733 61.8165194766
49 processo49 0.423133848619 51.2038006366
