0 processo0 3.84846445318 28.1623189064
1 processo1 2.29085977897 21.7518872402
2 processo2 1.16023958451 8.82712080567
3 processo3 0.267476091843 3.9666421404
4 processo4 0.85723211527 9.58020315592
5 processo5 2.98156365802 29.1790039384
6 processo6 1.72611345688 16.1770019846
7 processo7 1.00560550182 8.04113710673
8 processo8 0.362228750074 8.88329593914
9 processo9 1.73273751844 24.0745361502
10 processo10 3.68822941609 34.7528154485
11 processo11 2.37399227312 31.5628100028
12 processo12 0.707957704496 14.5715573819
13 processo13 1.77241782332 15.2049048845
14 processo14 2.05801552384 32.5402686317
15 processo15 0.699122828236 20.5068454453
16 processo16 2.36625926119 30.1731492971
17 processo17 2.84455070677 41.7770881354
18 processo18 2.29850510758 20.3860027586
19 processo19 2.4234513863 34.1197155623
20 processo20 0.95801954618 21.2144899186
21 processo21 1.11125081611 32.5507176013
22 processo22 0.0731990313534 22.1389895026
23 processo23 1.54674092413 33.694410203
24 processo24 0.0687787839685 24.7701188961
25 processo25 3.03256080999 41.6139674272
26 processo26 2.63435961744 50.9870853739
27 processo27 3.72157063863 52.3887738625
28 processo28 3.01121869271 51.8598152084
29 processo29 1.52540847926 31.6800622299
30 processo30 0.0312714347037 30.1131731552
31 processo31 0.677230033355 34.1622031175
32 processo32 3.42614792879 49.8705564307
33 processo33 0.641442781922 39.1362180596
34 processo34 0.0390994040306 34.5400674842
35 processo35 3.93862989868 69.3159006912
36 processo36 0.767145592023 38.6490278127
37 processo37 3.7360728751 49.3110772247
38 processo38 0.251968834369 41.3797747511
39 processo39 1.65223258451 40.691608352
40 processo40 0.619562936566 40.733520031
41 processo41 3.79928010602 74.3687028593
42 processo42 0.819189272011 47.198416968
43 processo43 2.61219448758 69.6137747313
44 processo44 0.508314197534 49.7481596764
45 processo45 0.776073374364 53.5944815839
46 processo46 2.57998164192 71.5581745675
47 processo47 3.38285901895 65.7161276345
48 processo48 2.71736866411 72.9435171975
49 processo49 0.45775956469 52.8338770227
