0 processo0 0.966745414034 2.77092738516
1 processo1 3.57179039231 34.5819617541
2 processo2 2.05043175042 11.9793767979
3 processo3 3.44789387364 31.5974631473
4 processo4 1.43775135925 6.33318511215
5 processo5 2.90314355667 30.9394149637
6 processo6 2.79514296936 11.65472971
7 processo7 3.70224813258 23.5053779588
8 processo8 2.48751202082 17.7687613235
9 processo9 3.79806564851 39.7824823012
10 processo10 1.2240766849 22.4092022084
11 processo11 0.718948431019 15.7136318279
12 processo12 2.6001399853 27.3202762719
13 processo13 1.17651717324 14.3464349693
14 processo14 2.46216385264 25.9802483413
15 processo15 1.97525941211 31.7528811503
16 processo16 3.58468033706 40.26865997
17 processo17 3.96400175506 45.1176557709
18 processo18 1.28831376759 23.2269727609
19 processo19 3.11093617103 27.0379797967
20 processo20 3.84171555854 57.159204285
21 processo21 2.92312799118 37.7900469888
22 processo22 1.12253630741 31.8990023882
23 processo23 1.67883609822 34.5719102397
24 processo24 2.86848480691 46.4009678009
25 processo25 1.13323032315 26.145597965
26 processo26 1.47274222931 38.3998942625
27 processo27 1.88627512471 36.4941334985
28 processo28 0.121113484048 29.621527539
29 processo29 0.861389159845 31.5586757808
30 processo30 0.157282355978 31.3545839046
31 processo31 2.92495397098 48.3953851618
32 processo32 0.234926708992 33.0247923365
33 processo33 3.41506285748 40.0982775587
34 processo34 1.76201497717 42.0305177239
35 processo35 2.89539139198 42.8311983676
36 processo36 2.75895569417 54.7901735294
37 processo37 3.36465475759 65.3012865867
38 processo38 1.99583314987 45.4990388324
39 processo39 3.29834131294 72.4883019733
40 processo40 1.36650554565 49.5051243061
41 processo41 2.78490926483 53.2498800929
42 processo42 1.56855619508 57.5143733844
43 processo43 0.321043576964 45.2978176632
44 processo44 3.15374168492 54.3921043833
45 processo45 2.10348134502 66.161544
46 processo46 0.918538077858 52.3773576138
47 processo47 3.83244600506 73.9001538404
48 processo48 0.810644228294 55.5290364652
49 processo49 0.0378384639544 49.1659708296
