0 processo0 2.8093040822 9.53013006923
1 processo1 0.698956475761 3.98987219427
2 processo2 0.928951504301 3.6730417889
3 processo3 1.661253277 9.55092982404
4 processo4 1.77966672818 12.1390627959
5 processo5 0.342438755572 6.16115882934
6 processo6 0.80691185555 7.32090206257
7 processo7 3.93447290444 46.9026895237
8 processo8 2.74836420896 13.6467975414
9 processo9 1.28526881281 13.4035782747
10 processo10 1.68194210645 22.5104613181
11 processo11 0.946661359222 18.7878889294
12 processo12 3.96672454551 40.8485208673
13 processo13 3.19008604442 23.2710983502
14 processo14 1.03796564708 22.8597047026
15 processo15 1.36887276983 24.9131241555
16 processo16 0.279081076995 19.594993954
17 processo17 2.65792024002 38.0509263596
18 processo18 0.135012997569 18.4023670447
19 processo19 0.11092585383 20.2876372486
20 processo20 1.92773612444 23.4243939442
21 processo21 0.00231322785164 21.4019490821
22 processo22 3.05373903734 47.3959423071
23 processo23 1.53210763774 28.556925686
24 processo24 0.827288942862 25.7025400472
25 processo25 1.61935257074 28.3028832465
26 processo26 3.48031443109 42.2568693389
27 processo27 1.91211490689 33.9464384466
28 processo28 1.34647074935 29.7571339856
29 processo29 3.41623634724 57.1523447288
30 processo30 2.99225849342 45.3436270534
31 processo31 2.72579981066 37.7592965376
32 processo32 2.53355588833 36.8531907955
33 processo33 1.74583022476 49.524176716
34 processo34 3.26566980995 54.0013721363
35 processo35 2.92777705089 44.973977728
36 processo36 2.92302012441 47.0073256785
37 processo37 1.95087903411 46.2952919373
38 processo38 0.323391795579 39.5216156395
39 processo39 3.98422971133 48.8879435255
40 processo40 2.48026487916 52.4018809302
41 processo41 0.791406666883 44.0483974061
42 processo42 0.377558531444 45.3453981045
43 processo43 2.67391244309 70.7149566501
44 processo44 1.16291452455 53.4165227437
45 processo45 0.27035671627 46.6055800313
46 processo46 0.258560499384 48.2964487967
47 processo47 3.92650360477 60.3770770649
48 processo48 0.258813829354 51.0284447986
49 processo49 3.40814469994 80.3063319592
