0 processo0 3.91348754373 17.1395988351
1 processo1 1.14111639396 7.84926256277
2 processo2 1.88123549239 12.0016177011
3 processo3 1.98088170316 7.59864767553
4 processo4 1.86242015079 16.8895056602
5 processo5 2.49239180471 28.8436350431
6 processo6 0.3393772583 10.1868607998
7 processo7 2.72824728317 20.4074953404
8 processo8 1.75700090021 17.9304804434
9 processo9 0.543760155906 14.1266157138
10 processo10 1.00684219013 13.8409401042
11 processo11 3.05493110702 21.1626840175
12 processo12 3.57783452026 41.6749214044
13 processo13 2.30237228636 33.4898791758
14 processo14 1.30906337102 17.7278802341
15 processo15 0.933796901788 18.4279739666
16 processo16 2.88721324798 31.1020792926
17 processo17 1.29901952805 21.5152112494
18 processo18 2.74602946801 25.2277574401
19 processo19 1.22527319637 26.7568534113
20 processo20 1.68094765284 24.687376999
21 processo21 3.36427889724 52.0762132969
22 processo22 2.72890429767 26.9934318365
23 processo23 3.0487754867 42.3655952238
24 processo24 1.47238212203 37.9626174671
25 processo25 2.58585341721 40.8591416362
26 processo26 0.894022785262 32.1392661396
27 processo27 0.170285055817 28.4929886556
28 processo28 0.989676498147 36.5118580222
29 processo29 2.81282581357 39.5374924689
30 processo30 1.35423577348 32.2893776296
31 processo31 0.927241407104 39.3421465392
32 processo32 2.64792384104 50.1150374678
33 processo33 1.81361007114 38.3558617271
34 processo34 0.0557156092179 35.3793901985
35 processo35 3.71968485865 39.4048212927
36 processo36 2.28271095427 42.7357220037
37 processo37 2.20762782001 44.7137426354
38 processo38 1.20090996103 40.388488249
39 processo39 3.06563538708 70.3045557963
40 processo40 2.45806596482 52.4235634672
41 processo41 3.15686993285 52.926266118
42 processo42 3.26734637153 64.2633700324
43 processo43 1.78056292628 57.8079483746
44 processo44 1.5301151269 51.8250497354
45 processo45 2.09265638897 56.0528077476
46 processo46 3.89981206218 83.6544744704
47 processo47 2.65172216408 61.9209016244
48 processo48 0.320076417869 51.5253503198
49 processo49 3.50576606608 79.3396349287
