0 processo0 1.96962450062 5.73525226742
1 processo1 0.718088608072 8.10561381118
2 processo2 3.93895111002 41.2423057143
3 processo3 1.57056903069 16.9884324239
4 processo4 1.83113659014 22.4095210413
5 processo5 2.50302687705 12.3665576288
6 processo6 1.65281298462 8.99766060977
7 processo7 0.705922740299 8.9881562965
8 processo8 0.593924405255 10.9695942172
9 processo9 1.75203782282 21.2413955499
10 processo10 2.83289800718 36.3343799503
11 processo11 3.80715302262 32.5854405547
12 processo12 1.47857310717 18.1748567445
13 processo13 1.21375163142 17.7939437207
14 processo14 0.0795515494006 14.9463662326
15 processo15 0.549454732899 17.3420895495
16 processo16 0.557233008235 22.3802478938
17 processo17 3.13173562881 40.6752244262
18 processo18 0.570573704727 23.1718679766
19 processo19 3.98691875557 54.9799073973
20 processo20 3.84938556933 45.1332732204
21 processo21 1.0953523485 22.9378123521
22 processo22 2.32755426921 45.1863923664
23 processo23 3.39091824153 29.2503112851
24 processo24 3.68925214521 61.8189916723
25 processo25 0.179022275725 27.3266943585
26 processo26 0.0242489419213 26.7289327206
27 processo27 3.08616959491 34.9261437973
28 processo28 0.910315573675 37.672715856
29 processo29 0.444755585327 33.3665621939
30 processo30 3.76431845576 43.7484959331
31 processo31 2.11910262196 42.808901367
32 processo32 3.38133265188 50.3024483311
33 processo33 2.34895027121 37.6893911453
34 processo34 1.20620611512 36.7254696988
35 processo35 2.69280681286 47.3120841562
36 processo36 2.63323859623 60.3662885674
37 processo37 2.239269928 46.234261177
38 processo38 1.00586860758 44.6868255175
39 processo39 3.73048966359 64.1726095506
40 processo40 3.95703470934 54.2899163905
41 processo41 1.2187658303 47.1132130073
42 processo42 2.35087532921 48.8401321578
43 processo43 2.11277972634 47.6812250404
44 processo44 1.48843246429 57.2982152453
45 processo45 3.00605321114 62.0246490051
46 processo46 1.46637660694 54.2149347419
47 processo47 0.369912694873 49.502436563
48 processo48 0.774931762094 55.8887680411
49 processo49 3.24278839894 56.2001838752
