0 processo0 3.6413834519 14.1086142684
1 processo1 0.695193823633 2.21565899191
2 processo2 0.499691901213 3.94890907877
3 processo3 0.932027283251 8.31339734612
4 processo4 0.470824678424 6.16224629306
5 processo5 3.25879950951 22.0864479452
6 processo6 2.23124629609 20.2186391519
7 processo7 1.09029894244 13.1249863638
8 processo8 1.69915465112 19.9076999581
9 processo9 2.74479795128 11.7613642221
10 processo10 0.782407495694 17.1464534527
11 processo11 1.5518653021 23.3704684064
12 processo12 3.29785199751 38.106016697
13 processo13 1.11765690671 21.586159506
14 processo14 0.636796638794 21.2814158195
15 processo15 2.15512570413 25.4497792895
16 processo16 3.51983517663 37.5393127625
17 processo17 3.88869998091 24.7699875732
18 processo18 1.11559817173 21.717082713
19 processo19 1.87110568181 35.1720475955
20 processo20 0.343874146937 22.3785950283
21 processo21 1.75624655278 32.7667634629
22 processo22 2.21731568866 28.5267932039
23 processo23 2.22275384425 30.5161997921
24 processo24 2.86226873313 40.5061669684
25 processo25 0.104412398984 25.353675874
26 processo26 2.35138051265 40.0867644809
27 processo27 3.23679092293 59.5414173235
28 processo28 1.1409667199 38.2973667182
29 processo29 3.12303396876 46.2180183889
30 processo30 3.13533029264 41.5470723904
31 processo31 2.3955726288 46.2910233288
32 processo32 2.73117167135 37.2999847136
33 processo33 3.09100860426 63.3835258892
34 processo34 2.91746928639 44.3745061156
35 processo35 0.682135650539 41.0065730823
36 processo36 2.18258741267 49.7246201171
37 processo37 1.26392615572 39.9721280147
38 processo38 2.64736987798 45.6844022964
39 processo39 0.390743644222 40.8320251957
40 processo40 2.73096803281 52.3591539937
41 processo41 3.09885106422 57.4374055721
42 processo42 3.71269240843 72.422801533
43 processo43 0.638087190562 45.7615617705
44 processo44 2.69558449653 57.9592553576
45 processo45 1.84612773605 52.1340878866
46 processo46 0.875772710391 47.8333162751
47 processo47 3.5388610032 82.9852820205
48 processo48 3.61928722267 57.3409929302
49 processo49 3.06123451108 76.2048151672
