0 processo0 2.93049711924 15.9453700962
1 processo1 1.59714369607 12.0269273993
2 processo2 3.75666341836 35.2376794741
3 processo3 3.77480677478 18.6957539502
4 processo4 3.59340933363 28.7684788209
5 processo5 1.17328272315 6.72774349602
6 processo6 2.95290437529 25.3848315812
7 processo7 1.42017150037 19.2829645592
8 processo8 1.84020749082 21.4346131682
9 processo9 0.198722671803 10.6004794493
10 processo10 0.0122111216364 10.2696115904
11 processo11 0.752107404429 14.451475422
12 processo12 1.60951197418 25.4854276337
13 processo13 2.8506599518 25.685513633
14 processo14 3.28729300044 46.7361437359
15 processo15 3.93155016565 50.5828072352
16 processo16 1.8239007643 25.2735434825
17 processo17 0.20934776492 17.8949987935
18 processo18 3.32637072144 25.2101075394
19 processo19 0.694586618092 19.8367430397
20 processo20 2.23453301676 36.5957547799
21 processo21 3.59044741048 38.9679214016
22 processo22 2.28300650362 45.2521646046
23 processo23 2.75260253925 44.1692859493
24 processo24 3.89524030365 52.1701706178
25 processo25 1.25862622298 35.929099207
26 processo26 1.57028852475 32.9097818766
27 processo27 0.906134257604 29.6770074976
28 processo28 3.98175942701 49.6710627362
29 processo29 3.35984931573 35.1202690714
30 processo30 0.590164771165 33.7407583108
31 processo31 1.34209112869 36.9796744415
32 processo32 2.48534436752 42.6849577759
33 processo33 1.53779510099 37.1024734322
34 processo34 2.78316625485 47.9566487035
35 processo35 0.800240038714 40.8952487606
36 processo36 2.10054377358 42.029749421
37 processo37 1.71548999772 49.7375763842
38 processo38 3.43607476002 68.0164791177
39 processo39 0.664207674927 40.0867190227
40 processo40 3.4845481025 72.309669318
41 processo41 0.0278851058409 42.1095672277
42 processo42 2.97961932994 45.1203734006
43 processo43 1.35969642545 53.6631612074
44 processo44 3.31271293685 64.8163095392
45 processo45 3.68080641356 63.2901607394
46 processo46 0.0929480416969 47.2611985877
47 processo47 0.278982798358 49.3736712594
48 processo48 2.70686687187 54.0215519913
49 processo49 3.88284572119 70.1016890082
