0 processo0 0.166549478157 1.2796466119
1 processo1 1.32328166853 13.2613860106
2 processo2 3.77947007846 34.3747561504
3 processo3 0.275265402279 4.1613625818
4 processo4 3.16461459785 12.240187319
5 processo5 2.86288269129 15.2418414258
6 processo6 3.962324681 33.2163639767
7 processo7 2.32133320743 24.5977224911
8 processo8 0.75814463529 14.6699949181
9 processo9 0.604218435986 12.0215730538
10 processo10 0.611404059667 12.2532157385
11 processo11 1.51822945091 16.9350642308
12 processo12 2.61629419102 26.9570118959
13 processo13 0.707182311297 15.919719699
14 processo14 2.71150082687 30.026364739
15 processo15 0.0128185869891 15.0939892943
16 processo16 2.34344583889 34.694021973
17 processo17 2.17597716207 39.3088348805
18 processo18 3.95362462525 39.1794697425
19 processo19 3.28789544238 28.5932474579
20 processo20 3.17058942358 39.6727646577
21 processo21 2.09653345921 35.3087260742
22 processo22 1.21102104609 26.3904098904
23 processo23 2.47381487029 46.2489560531
24 processo24 0.575144925278 25.5430343935
25 processo25 0.184141568825 27.4290996496
26 processo26 1.95939389178 39.5864404716
27 processo27 2.72421512035 42.7250374413
28 processo28 0.00718700456612 28.9519924041
29 processo29 3.11567653852 43.0827622964
30 processo30 2.64427091164 55.6383142212
31 processo31 0.728046248696 37.0100011124
32 processo32 0.0471982956632 33.0872726255
33 processo33 1.29809721326 41.4107343341
34 processo34 1.27871577675 39.2641644061
35 processo35 3.78446160576 65.538197583
36 processo36 2.62210297767 47.1130092894
37 processo37 1.3272373821 46.9976844549
38 processo38 0.892545183208 43.4506223776
39 processo39 0.902927899083 40.9804863071
40 processo40 3.58312516194 73.9292536566
41 processo41 2.42355788128 57.7617915725
42 processo42 2.14333192057 50.0382142766
43 processo43 0.573083127361 46.4401100012
44 processo44 2.9899019157 70.9354094536
45 processo45 3.69088837495 63.3262235144
46 processo46 0.73268829896 53.1816402611
47 processo47 0.578183526817 49.0853069931
48 processo48 2.97381366623 76.3018735562
49 processo49 2.04056959616 69.7617373236
