0 processo0 2.31655397082 4.55871375037
1 processo1 1.04627921134 2.46489887925
2 processo2 2.57586880517 11.3754980823
3 processo3 3.9603437823 39.1259086107
4 processo4 3.19581480381 15.907821693
5 processo5 0.0730620711375 5.13122703167
6 processo6 1.92656198262 14.0008803307
7 processo7 0.841828190058 10.6991199095
8 processo8 2.79388543845 29.5037394039
9 processo9 0.673630043657 13.9857040832
10 processo10 3.78543279255 14.2584810791
11 processo11 0.175106472793 13.1989418827
12 processo12 0.658516468009 15.4262166622
13 processo13 2.10323546442 28.150331471
14 processo14 0.161309272976 14.4858053023
15 processo15 0.641590105402 19.5446117312
16 processo16 3.21276646032 29.3419605463
17 processo17 1.86304080112 25.5177515466
18 processo18 1.58767822386 31.6425546596
19 processo19 0.410075867439 20.6685274594
20 processo20 3.93148151352 53.3203360308
21 processo21 0.169240045863 21.2583250133
22 processo22 0.739638582541 30.1375259006
23 processo23 3.25190435749 53.8082128457
24 processo24 0.0569712439285 25.5072090826
25 processo25 1.59331764473 37.3281210133
26 processo26 0.909213223781 29.7365086153
27 processo27 1.54829036191 29.2466348959
28 processo28 3.06810741425 43.6561844058
29 processo29 3.46900615322 51.9631671383
30 processo30 2.74551552544 44.3228665851
31 processo31 3.06248047816 55.7237702482
32 processo32 3.6455496136 63.3528742829
33 processo33 3.69639390831 45.5768490304
34 processo34 3.40750006774 63.1286652472
35 processo35 3.37274822925 43.1599709842
36 processo36 2.70815554146 58.4137633551
37 processo37 3.50730337643 71.2100424325
38 processo38 0.374995384515 42.2666006484
39 processo39 3.94691708367 66.30830483
40 processo40 3.05887294989 52.1810111666
41 processo41 0.0110781737563 41.8545369927
42 processo42 3.62650931616 68.590824718
43 processo43 1.21960613242 44.4903289153
44 processo44 2.32219194537 61.3626558107
45 processo45 3.81219823122 73.3904817733
46 processo46 1.78250034339 55.5414497402
47 processo47 3.66355681118 75.9606975723
48 processo48 2.3755205937 50.7514222544
49 processo49 0.339931729985 50.4420294748
