0 processo0 3.41925616853 9.01950186624
1 processo1 2.94368675049 9.27689239359
2 processo2 1.48605600236 8.40464998582
3 processo3 1.73009179392 15.6582389625
4 processo4 3.78634557735 10.5869147018
5 processo5 2.70760452014 33.0621986112
6 processo6 1.93510759558 13.8267862133
7 processo7 1.09909106675 17.1201681936
8 processo8 1.20490403043 20.7277371296
9 processo9 2.84369514618 19.1633611402
10 processo10 1.34594394288 20.7903085641
11 processo11 0.349865006887 13.7611703424
12 processo12 3.97881052002 43.1901376103
13 processo13 0.5115414744 13.6285501958
14 processo14 0.940382584316 18.7351577335
15 processo15 1.70101970733 26.8009547795
16 processo16 0.657809191864 18.9943151795
17 processo17 2.15857282127 35.8280354852
18 processo18 1.62897355682 28.6570336874
19 processo19 3.10776953285 31.3223908947
20 processo20 1.68290598267 23.1620900687
21 processo21 3.97863390346 39.6850869978
22 processo22 3.99135440114 61.8248716634
23 processo23 0.857079339121 32.0786178527
24 processo24 1.10670460044 33.9023903327
25 processo25 3.14551783166 53.8206873099
26 processo26 2.42417072061 45.286605976
27 processo27 1.98953210338 37.1003211877
28 processo28 2.84135586549 49.0521504669
29 processo29 2.78583504553 32.4865747688
30 processo30 1.64696797064 31.684845531
31 processo31 0.0678004581633 31.9599370114
32 processo32 3.42752409821 38.3973687988
33 processo33 3.86552561086 66.2762813174
34 processo34 3.19808079607 60.082000788
35 processo35 3.82995812561 66.7010503608
36 processo36 0.0855108045847 36.1535179795
37 processo37 2.55134906353 60.2648990567
38 processo38 1.07459388351 46.2744571461
39 processo39 3.12136869364 67.6415236554
40 processo40 2.6075533689 48.3712883349
41 processo41 2.00300267259 56.9801315525
42 processo42 2.58583158515 45.423479652
43 processo43 1.1293118615 53.7479940199
44 processo44 0.142754167308 44.6579270747
45 processo45 1.90153511964 59.1014124754
46 processo46 1.41909877311 56.9345861217
47 processo47 3.80530536035 86.0115721815
48 processo48 3.68474958319 55.8678489261
49 processo49 3.78096046669 80.4531813264
