0 processo0 2.51102765946 13.9094308048
1 processo1 3.90813674211 13.8511233327
2 processo2 2.80424728675 10.5586680068
3 processo3 1.90272483243 9.74032050578
4 processo4 2.13758177606 7.46789876898
5 processo5 2.93465261322 29.8283354553
6 processo6 2.82146448605 28.9173016001
7 processo7 2.52379196635 19.1709580231
8 processo8 0.149341024579 10.4087106202
9 processo9 3.39376363635 35.1154010493
10 processo10 1.99825923202 19.3987488127
11 processo11 0.634651182576 16.2116256496
12 processo12 0.987557868891 22.7128348321
13 processo13 3.31066365779 45.500700401
14 processo14 3.85545341506 28.1555994975
15 processo15 3.8094140853 34.7278776132
16 processo16 1.35194730366 21.8168428023
17 processo17 2.28478465586 35.7523251273
18 processo18 1.36212791891 29.7601731941
19 processo19 1.08408659898 30.6312516441
20 processo20 2.99185629765 35.468697458
21 processo21 0.237318492092 24.0628640586
22 processo22 1.87971612898 37.1763997135
23 processo23 2.10639280924 29.2622527083
24 processo24 1.57046706668 26.6904885656
25 processo25 3.94228941601 65.400521939
26 processo26 3.31896020509 60.1666945555
27 processo27 2.56070198544 51.5695611395
28 processo28 1.15282960765 38.7005913806
29 processo29 1.24118810559 40.0236222548
30 processo30 1.61511641684 42.78939172
31 processo31 0.668976449129 34.1353954887
32 processo32 0.414663323548 36.7706398675
33 processo33 3.49693391452 42.3325178435
34 processo34 1.40335460624 40.9754431244
35 processo35 0.92838155134 36.9856928648
36 processo36 3.73502068579 67.6664221758
37 processo37 0.745173368759 41.6984675982
38 processo38 0.180845448762 40.6847247235
39 processo39 0.113667960677 40.3385621374
40 processo40 2.29225704195 44.8439823446
41 processo41 0.290744894242 43.5953029705
42 processo42 1.60439101757 45.3015735245
43 processo43 3.15150113039 69.506019223
44 processo44 1.56721409885 55.1010813814
45 processo45 0.956559830665 53.8394853118
46 processo46 2.831219451 61.137373174
47 processo47 0.691716448061 53.0419999831
48 processo48 1.9118434992 59.3549765221
49 processo49 1.48350225939 57.3851610758
