0 processo0 3.14491172752 9.35537881709
1 processo1 1.03438852295 3.36734850136
2 processo2 0.525425075557 7.55335973151
3 processo3 2.70269776806 15.5031366306
4 processo4 2.50256116645 20.8466073695
5 processo5 2.92483636355 24.5670756576
6 processo6 2.39118395867 17.7292436863
7 processo7 1.59810417059 23.3857793081
8 processo8 0.975500914575 12.1197271686
9 processo9 2.58127219575 16.706352983
10 processo10 1.21537290948 11.329491841
11 processo11 0.745798610035 17.0676496883
12 processo12 2.37355406666 34.1195466115
13 processo13 3.84134999622 18.6295921646
14 processo14 3.5674036197 28.9660301767
15 processo15 2.32677123985 20.3563911685
16 processo16 2.024313482 19.2773891612
17 processo17 3.64960603402 22.8050107078
18 processo18 1.26192781399 25.5111337098
19 processo19 2.48652773532 28.0840255084
20 processo20 2.25031871237 36.4990422011
21 processo21 3.41469546985 48.306886399
22 processo22 2.15371285403 25.6246493525
23 processo23 3.13900178753 27.0373443888
24 processo24 2.55524643501 34.3605723535
25 processo25 1.87936354702 38.6714784763
26 processo26 3.63673261394 38.7609218388
27 processo27 1.14106481793 37.0951378065
28 processo28 1.5456805241 38.2853259611
29 processo29 0.301695955913 31.1420463148
30 processo30 1.46263930761 39.3360447398
31 processo31 1.49024836166 35.7272147183
32 processo32 0.28660314164 33.2220912059
33 processo33 2.65746398385 52.4528575995
34 processo34 2.62695679503 47.0766980021
35 processo35 3.27048520514 40.2974584247
36 processo36 3.847001391 42.6841083945
37 processo37 2.7431783801 47.865531808
38 processo38 3.37038373254 43.3778557411
39 processo39 1.809840091 57.858632924
40 processo40 1.23144922995 41.8441869906
41 processo41 0.95610735772 49.1212169341
42 processo42 1.86076834441 54.5501807332
43 processo43 1.3193761315 46.9342708178
44 processo44 0.853611181758 51.612948974
45 processo45 2.89315299414 58.0478860368
46 processo46 0.193555790598 47.6650947453
47 processo47 2.88099486102 74.0872897814
48 processo48 1.54317080387 52.7911142134
49 processo49 0.80251105158 56.3952297747
