0 processo0 2.67212893859 5.33850183496
1 processo1 3.58482608537 12.6075839283
2 processo2 3.0919238088 20.4229451969
3 processo3 1.91942249159 6.07439505741
4 processo4 2.44261798076 16.2838354234
5 processo5 2.46857216293 18.2392462384
6 processo6 0.966017531503 12.666629925
7 processo7 3.44595384088 38.3592617405
8 processo8 0.813734492311 11.4239114545
9 processo9 0.228477219698 10.8176389748
10 processo10 0.473022613739 14.1531742492
11 processo11 0.517459804687 12.4403220613
12 processo12 3.44553854215 39.9945960169
13 processo13 3.31310818438 27.0318622296
14 processo14 0.0111164085611 14.8458799691
15 processo15 1.09883232163 17.3157466346
16 processo16 2.99146519204 39.523543656
17 processo17 0.419297367845 20.8289162354
18 processo18 2.15938310014 30.4862706752
19 processo19 1.27493302796 31.3718056286
20 processo20 1.32818022833 32.7589543036
21 processo21 1.61369932909 30.0198645939
22 processo22 2.09828730634 35.8963246464
23 processo23 0.682528668087 27.623185138
24 processo24 1.09643127694 26.9231708829
25 processo25 3.47694330821 34.9973276804
26 processo26 3.42762503337 34.3041863922
27 processo27 2.73572816246 51.954774412
28 processo28 1.36010382725 29.8195700019
29 processo29 1.18477679521 34.9154858339
30 processo30 1.75858471315 43.4207837816
31 processo31 0.39868951482 34.9206076629
32 processo32 3.24436647985 65.2796136687
33 processo33 0.467543863228 34.9925861512
34 processo34 3.94394444914 55.8177192481
35 processo35 2.52570496615 54.5523327256
36 processo36 1.8483654815 40.228512809
37 processo37 1.59450561412 40.3218615625
38 processo38 0.647231687561 41.8350160565
39 processo39 0.620982987644 40.7502378875
40 processo40 0.590947994112 42.3048507075
41 processo41 0.648229980705 42.1645045576
42 processo42 2.38364453297 49.6544754547
43 processo43 0.732693263519 51.2205880226
44 processo44 2.20302316273 66.1875156968
45 processo45 3.66875726373 51.1433289397
46 processo46 1.81444987711 61.2233933322
47 processo47 1.02210521374 52.859908346
48 processo48 3.11329756576 76.2272714823
49 processo49 2.26184642949 55.2297252781
