0 processo0 1.67733143828 7.38272323851
1 processo1 1.49549383591 8.53349101541
2 processo2 2.34370326031 15.490547552
3 processo3 1.26215676596 10.7557437099
4 processo4 0.428870642808 5.07751306712
5 processo5 3.40860449356 18.8724222108
6 processo6 1.56377324369 13.3020224841
7 processo7 0.971183735901 10.2557442192
8 processo8 1.61578746704 11.995021659
9 processo9 1.12744962332 12.8427688328
10 processo10 3.57462192339 21.7637276031
11 processo11 0.928424091368 11.9385122758
12 processo12 3.08569256556 43.3988537508
13 processo13 2.79022137429 34.4668877797
14 processo14 1.15334855641 25.8410895788
15 processo15 1.59067183363 21.0529318194
16 processo16 1.81806842927 31.0423791134
17 processo17 2.98889855863 36.1954442633
18 processo18 0.944866343882 26.4955571044
19 processo19 3.55535374599 49.0567944322
20 processo20 1.64030626451 28.9017626442
21 processo21 0.158341126911 23.152983584
22 processo22 2.3276731022 33.9207456889
23 processo23 0.562640673114 27.9580903358
24 processo24 0.763049205775 30.5507286522
25 processo25 1.10033694097 28.1677665695
26 processo26 2.86362314068 34.6924519749
27 processo27 3.11386186779 44.1911244176
28 processo28 3.64640567862 49.3184515948
29 processo29 1.21852013276 31.0998187727
30 processo30 0.430665319241 31.8967171958
31 processo31 2.95737260724 38.0233326713
32 processo32 3.2660644211 60.6832912248
33 processo33 3.72724145177 42.1174070218
34 processo34 2.00346769679 54.0085015465
35 processo35 0.0913539996968 36.1324301316
36 processo36 1.24455285257 41.1345184523
37 processo37 2.02686272117 45.7978244642
38 processo38 1.34804236876 46.0558285038
39 processo39 2.1923522703 49.4301452766
40 processo40 2.18812687853 47.3142363961
41 processo41 0.70523548946 43.3989680558
42 processo42 2.09098516498 62.9825440669
43 processo43 2.32521486611 62.2131390687
44 processo44 2.10649669292 56.9209778518
45 processo45 1.4960914792 56.9270785157
46 processo46 3.88259432718 81.0792974583
47 processo47 0.0824412599649 48.5972592067
48 processo48 2.53320353935 66.0694309235
49 processo49 2.64220558936 63.9864043411
