0 processo0 0.1503854699 1.01344200207
1 processo1 3.70207675339 37.3249904503
2 processo2 0.426692902605 4.72315832398
3 processo3 1.47329241876 16.1738839714
4 processo4 3.47375323795 27.4765498439
5 processo5 3.46471283156 32.6191536209
6 processo6 3.4930457419 15.198956619
7 processo7 3.71105529468 28.4674952184
8 processo8 3.61537670265 18.0474650463
9 processo9 0.763968174418 15.2993475301
10 processo10 0.997241203934 13.3835145458
11 processo11 3.13212823199 30.5305262117
12 processo12 0.193072977634 14.9055062379
13 processo13 0.427006754021 15.147956558
14 processo14 1.63321405151 21.8149505241
15 processo15 3.60164487828 29.3603573783
16 processo16 3.06241463047 21.129644315
17 processo17 0.681440425113 24.456959084
18 processo18 1.41787274517 24.5448093203
19 processo19 0.017329314646 19.0819777993
20 processo20 3.43250950549 48.3889095938
21 processo21 1.70226173464 35.7581228729
22 processo22 2.23439396866 33.9616706815
23 processo23 1.7258663751 36.6111087412
24 processo24 3.21185768351 47.9177109092
25 processo25 0.252952142093 28.4114287307
26 processo26 1.86351701523 44.8200203838
27 processo27 2.97258097363 34.5369826956
28 processo28 3.82096569781 33.187004559
29 processo29 2.91088408247 56.5939919826
30 processo30 1.2799930931 42.8729903169
31 processo31 3.43940445362 58.8169730931
32 processo32 1.2581489339 33.7387540465
33 processo33 3.03264369921 38.2745724012
34 processo34 0.696165826285 40.1612291279
35 processo35 1.17177375887 47.521742785
36 processo36 2.65928747521 41.1040161522
37 processo37 0.72395273383 39.2353837125
38 processo38 1.20984034292 39.5119106145
39 processo39 2.99527679199 47.413358214
40 processo40 2.55990836393 45.2508028978
41 processo41 1.53883154412 44.1478437307
42 processo42 0.978733586313 48.6682453586
43 processo43 3.85727495765 76.2811320102
44 processo44 2.28352771747 55.0366679508
45 processo45 3.52103339918 63.6448540959
46 processo46 2.40725831423 69.6066738141
47 processo47 1.71434895299 60.8073222599
48 processo48 0.410923373201 50.2535747454
49 processo49 3.11617469392 59.3855288599
