0 processo0 3.47572770954 14.3279204728
1 processo1 0.7925458615 6.5268621304
2 processo2 0.944119380916 8.5912098971
3 processo3 2.58328618585 16.6335334718
4 processo4 2.79718304086 29.4968120558
5 processo5 3.94984488822 28.4757538214
6 processo6 1.41201092822 8.97831745486
7 processo7 1.38147317263 17.8185996354
8 processo8 3.92422920397 19.8335436506
9 processo9 2.33801424726 13.5950789529
10 processo10 3.74265163643 40.9481954716
11 processo11 0.120659359528 13.1284425952
12 processo12 0.971891199581 20.6490180226
13 processo13 2.44418899866 23.9189925673
14 processo14 2.96474711107 18.2875723454
15 processo15 1.25186788892 24.5373419066
16 processo16 1.09922515539 18.0404993434
17 processo17 2.81879170867 34.1506718019
18 processo18 2.69000212099 42.385579999
19 processo19 2.17408766392 25.6959959739
20 processo20 1.05043796455 29.6968711439
21 processo21 3.82545606695 42.8574605023
22 processo22 3.88540431888 46.7809126872
23 processo23 1.45819720596 34.9804355272
24 processo24 3.38043901762 47.2781169944
25 processo25 1.78324538349 32.5924471858
26 processo26 3.80880753618 37.9048385092
27 processo27 2.89139658896 33.5561752418
28 processo28 0.778351666023 31.5115272742
29 processo29 3.40725294314 40.0553425866
30 processo30 0.347576002562 30.6646713586
31 processo31 2.03574953988 36.4440288738
32 processo32 2.31092405568 34.5636298856
33 processo33 2.98645908902 36.6012091924
34 processo34 0.0219534734908 34.9594724839
35 processo35 3.4754444206 45.9803269662
36 processo36 2.18457812698 42.5334916923
37 processo37 1.86272413471 50.7098068651
38 processo38 1.64167803136 42.4243567309
39 processo39 2.15234601792 53.1160399377
40 processo40 3.3466457472 51.5634579332
41 processo41 1.60276153119 52.0266327518
42 processo42 1.12870341198 50.1413032838
43 processo43 1.68480600661 56.1421448039
44 processo44 1.47737675717 48.5232237364
45 processo45 1.58716815876 48.8455128037
46 processo46 1.51543098892 60.528248895
47 processo47 3.59326882507 66.5714655478
48 processo48 2.85517566465 66.5369895688
49 processo49 1.84420386724 51.922274726
