0 processo0 2.60633764825 21.2237794643
1 processo1 0.188905464059 1.47403329614
2 processo2 2.80762141373 12.3585791052
3 processo3 1.75115499876 16.7259413895
4 processo4 2.35386102979 9.18241383089
5 processo5 0.4517707187 9.10495219113
6 processo6 2.43036366896 30.7683861322
7 processo7 2.92054846083 19.9731708736
8 processo8 3.52196896126 26.1940181043
9 processo9 1.96782288817 14.0489658375
10 processo10 3.10451557248 28.5698355254
11 processo11 0.560950001321 12.2260236703
12 processo12 1.90964900147 25.1628590268
13 processo13 3.02203816953 31.5456940621
14 processo14 0.582203819537 17.8258267879
15 processo15 2.79359991381 19.8849671348
16 processo16 0.945067100056 21.4007184865
17 processo17 2.96805221283 25.9575933021
18 processo18 2.68766505388 23.2429447014
19 processo19 3.73690644936 55.8545453477
20 processo20 0.663867221923 24.8232910871
21 processo21 0.374450228002 24.2260985354
22 processo22 1.59787327463 24.2145947351
23 processo23 3.04558676006 53.3901767454
24 processo24 1.23143541874 26.4627510975
25 processo25 3.6588521702 45.8260754065
26 processo26 3.41813607603 44.8437129239
27 processo27 1.83835177977 29.8977711527
28 processo28 2.7660650354 49.5906024211
29 processo29 0.0912811320672 30.4817761964
30 processo30 0.207104211984 32.0304852498
31 processo31 3.19783583358 59.6515315784
32 processo32 0.043917211177 32.7899166422
33 processo33 3.2299259223 41.5000889224
34 processo34 1.29948073231 46.2199209763
35 processo35 1.89523903379 37.564890588
36 processo36 1.34443865512 37.6112960378
37 processo37 0.499412158232 41.537633121
38 processo38 0.0164759702154 38.2667564338
39 processo39 2.63965602446 59.5116366151
40 processo40 3.19406309902 59.4228337712
41 processo41 3.07801513763 55.7763775771
42 processo42 1.21772037962 45.8893204949
43 processo43 2.83088165547 56.3367898928
44 processo44 1.12056631405 49.873845751
45 processo45 1.77752410324 52.8637425231
46 processo46 1.46555076127 58.3856115909
47 processo47 1.96208454284 65.3320958901
48 processo48 1.83999340315 56.3182555458
49 processo49 0.843632839651 55.3174829667
