0 processo0 0.893604162355 3.40400936073
1 processo1 1.81270156536 12.8477343911
2 processo2 2.58324697633 9.02104205865
3 processo3 2.76912338509 28.7218714442
4 processo4 0.870380940575 9.40755526638
5 processo5 2.9275936982 19.3613671664
6 processo6 2.43778837152 9.60874721004
7 processo7 1.01092614481 10.8747373594
8 processo8 0.509654399023 13.704579547
9 processo9 1.09623654939 16.385202563
10 processo10 1.28331616482 20.8486636601
11 processo11 3.93523807764 48.7588622462
12 processo12 1.074377561 13.8232158567
13 processo13 3.56161349115 27.4751170289
14 processo14 2.26062488469 27.2422317891
15 processo15 2.85920194204 23.0430945984
16 processo16 3.47714337179 42.9944285928
17 processo17 1.11904398095 26.6758522136
18 processo18 2.79447287306 28.3965365048
19 processo19 1.26954913084 20.5715534199
20 processo20 2.76354781491 26.1557438201
21 processo21 1.92377942367 30.066447706
22 processo22 1.21873610746 32.947813611
23 processo23 2.53619393412 28.7409845437
24 processo24 1.03048339323 30.7743135705
25 processo25 3.1776656246 44.6875815503
26 processo26 3.17996983916 37.2513669187
27 processo27 2.56136137553 31.5879217898
28 processo28 2.56437423134 38.044544375
29 processo29 0.429511423354 34.1315801101
30 processo30 3.28351519391 33.5520491376
31 processo31 1.78180481955 48.2658551651
32 processo32 1.69734239404 41.6977797242
33 processo33 2.15389388441 50.207726275
34 processo34 1.02153545343 37.8464788908
35 processo35 2.20624341567 53.6979243961
36 processo36 1.07496640763 43.5369014104
37 processo37 1.99125985607 49.7060034386
38 processo38 3.7009840494 48.4232786665
39 processo39 3.06034444486 44.6877155332
40 processo40 3.76720867032 45.1202744751
41 processo41 1.00349467987 42.7697968246
42 processo42 2.14129428129 59.7782059322
43 processo43 0.0562847281296 43.6544072824
44 processo44 3.19764351344 71.0570534056
45 processo45 3.73574013197 69.6813206589
46 processo46 2.51321214215 69.875917634
47 processo47 2.35058833456 56.5854755713
48 processo48 0.043033182597 49.1789436078
49 processo49 1.97111943121 65.7948166198
