0 processo0 0.522349242946 4.38114492796
1 processo1 0.00294342580525 1.45680757953
2 processo2 0.968194173043 9.70374587942
3 processo3 0.973812810477 11.0200047286
4 processo4 1.47482825515 19.4491542106
5 processo5 1.70708859175 22.7024127229
6 processo6 2.82634929618 10.1119408988
7 processo7 0.210908137738 10.0193946888
8 processo8 2.96734709433 28.4391811569
9 processo9 3.54378468261 23.1735918975
10 processo10 1.65876286146 24.9125133094
11 processo11 1.46589671977 16.8272616948
12 processo12 0.723660812508 12.7497211654
13 processo13 3.48347154864 23.9014677681
14 processo14 1.47112056475 29.1440383037
15 processo15 3.34504637482 34.6562302168
16 processo16 2.57714665587 35.0148080109
17 processo17 2.7033625677 39.7499003186
18 processo18 3.64289819297 24.890847522
19 processo19 2.26359947473 30.7197263796
20 processo20 3.18005730367 26.3370908324
21 processo21 0.136199679134 21.344259489
22 processo22 1.61253540112 30.3104059868
23 processo23 3.71823033898 53.0548606862
24 processo24 1.78088213192 32.1275670705
25 processo25 0.309388319023 26.3677574939
26 processo26 2.72176072244 46.2453080614
27 processo27 1.80912677005 38.2330038133
28 processo28 3.04336901325 37.7723255785
29 processo29 1.1117945086 35.7338749305
30 processo30 0.712703269976 36.1373752809
31 processo31 1.37389781316 44.5214998075
32 processo32 2.34560496115 45.1221270913
33 processo33 2.69274876273 42.3955247585
34 processo34 3.5082521185 48.4750037673
35 processo35 2.16696544309 55.6809167792
36 processo36 3.3575949542 68.9711743761
37 processo37 2.39120806504 42.0309947844
38 processo38 3.81101079254 50.4525755732
39 processo39 2.87567179222 50.8301147433
40 processo40 0.435927025234 44.4182066196
41 processo41 2.15809883046 51.6867448524
42 processo42 2.98980533419 70.5054435911
43 processo43 0.342042866628 43.4760275274
44 processo44 0.931771472367 49.3619255695
45 processo45 3.90910867745 80.3423929783
46 processo46 3.33477266045 61.6852930546
47 processo47 0.129478124372 48.0396550494
48 processo48 2.33915084083 66.1347346116
49 processo49 3.35752343394 61.1161794455
