0 processo0 1.80473824671 13.1591718146
1 processo1 3.62247128461 24.3766310943
2 processo2 2.61927374575 20.5061198715
3 processo3 0.248335648633 3.48967366101
4 processo4 1.30316138904 12.0351233221
5 processo5 0.297089681198 8.57540479993
6 processo6 0.31622438532 7.19689279814
7 processo7 0.876501422645 15.4402998972
8 processo8 2.09649909302 12.1312033966
9 processo9 0.542911661955 13.8741833613
10 processo10 3.02760947647 17.0279372027
11 processo11 1.3493936518 22.1045685938
12 processo12 3.71581227932 27.4664802567
13 processo13 1.4590688554 24.998986875
14 processo14 1.03408294439 15.9143179283
15 processo15 2.29476742031 17.6357826826
16 processo16 0.894006559603 23.6579901582
17 processo17 0.662396105844 22.7861314764
18 processo18 1.98972327022 29.8379290818
19 processo19 3.16892644724 37.0082026018
20 processo20 3.84341267917 49.6199390017
21 processo21 0.715215895054 22.2740840941
22 processo22 2.53908580003 25.1984805547
23 processo23 2.03109485631 35.9407428168
24 processo24 0.0862015446947 24.303675338
25 processo25 3.78973749882 39.8517007529
26 processo26 1.65343475905 41.9787124965
27 processo27 0.00709383782371 27.5992363515
28 processo28 0.488331657319 32.0926331662
29 processo29 3.60385779742 48.8940142081
30 processo30 0.613649727224 35.3122429937
31 processo31 3.78111410338 44.4243141396
32 processo32 3.79130813638 58.5057164394
33 processo33 3.63635776037 46.7075778864
34 processo34 1.86062382553 38.6387473996
35 processo35 0.023051739678 36.0713700517
36 processo36 3.63786261683 50.3670904524
37 processo37 3.37317283135 71.4071742533
38 processo38 0.0307568767663 38.5956949009
39 processo39 3.87032527206 61.2469762045
40 processo40 0.822017056412 43.0621934559
41 processo41 3.82440233108 69.8778694785
42 processo42 2.49061394799 66.2987592905
43 processo43 1.04826193338 54.2676156546
44 processo44 2.29519469824 61.2918796515
45 processo45 1.45875939847 46.5345851165
46 processo46 2.50530110236 56.6127496261
47 processo47 0.560312062611 52.9036805341
48 processo48 0.281235000349 49.0644659348
49 processo49 1.00003562372 52.4161371217
