0 processo0 1.17719029335 2.96757003846
1 processo1 3.05201870367 16.2498660523
2 processo2 3.53236958737 9.3013005747
3 processo3 2.74535573842 22.3053998114
4 processo4 0.722733987208 7.60128725544
5 processo5 2.89400782424 30.1100739994
6 processo6 3.6892764099 40.3075103171
7 processo7 2.19698117756 11.9353823901
8 processo8 0.147458144029 8.82365468071
9 processo9 0.900138915551 16.6641839115
10 processo10 1.48315479782 12.4278661859
11 processo11 0.660453133718 13.4091418041
12 processo12 0.617482003903 19.0050223231
13 processo13 1.45334012373 15.2223382101
14 processo14 2.04845678211 19.3137430965
15 processo15 2.01002249811 23.1644992132
16 processo16 3.34301290323 36.9779704868
17 processo17 2.62363176848 27.9023720649
18 processo18 0.096407224057 18.105988466
19 processo19 1.60125100763 26.685222884
20 processo20 2.36799054026 24.7402536507
21 processo21 0.914987947884 28.09355863
22 processo22 0.73543848892 26.3050943547
23 processo23 2.59455512722 26.8206986342
24 processo24 1.99493283461 39.9350929613
25 processo25 2.29992615101 42.0996318299
26 processo26 0.593540873291 27.9515605816
27 processo27 2.04104405817 29.5996136386
28 processo28 2.84813822298 51.2658920662
29 processo29 0.455125022392 33.3387900779
30 processo30 3.34859305523 41.210609799
31 processo31 1.55541198667 35.1011896639
32 processo32 3.70704449038 62.4972084045
33 processo33 3.04544117176 62.5881044062
34 processo34 3.51880251498 69.9163278426
35 processo35 0.491087814552 36.3409194016
36 processo36 0.623909681431 39.4608229328
37 processo37 3.92931064646 43.978630003
38 processo38 1.77665339332 43.3972255504
39 processo39 2.54512444972 52.6936104037
40 processo40 3.54882765132 74.5302435164
41 processo41 2.5910966817 65.7799882097
42 processo42 1.7498061892 48.3670901065
43 processo43 3.66406721443 53.9318351289
44 processo44 2.64378634067 49.5588550846
45 processo45 0.730472678778 45.762046546
46 processo46 1.26301874579 57.8169590134
47 processo47 3.75127402245 82.0303400749
48 processo48 1.13577178164 53.1400168298
49 processo49 2.60009596871 66.6130521986
