0 processo0 2.18584748612 18.7588056498
1 processo1 0.400433707814 5.91434874942
2 processo2 0.118210637275 2.82527930776
3 processo3 3.00458180546 16.3877656205
4 processo4 0.680128163354 7.70710792443
5 processo5 1.25343699266 16.0429086735
6 processo6 0.564119880414 9.42180818457
7 processo7 0.834478437098 13.3499521611
8 processo8 3.59303064215 40.944212166
9 processo9 1.63245298922 18.6711909256
10 processo10 1.01701447513 15.1345983842
11 processo11 1.48057395481 25.4217185224
12 processo12 2.75999560555 28.1052822107
13 processo13 1.55762247078 18.2511564683
14 processo14 0.242940890249 15.1408062176
15 processo15 1.49535759738 25.8420222334
16 processo16 2.09445797417 23.578292068
17 processo17 0.261453374371 18.9459375046
18 processo18 0.269248436614 19.772411388
19 processo19 3.38174894902 31.1358895524
20 processo20 3.2366663869 46.7330108779
21 processo21 2.43658284024 45.5011234816
22 processo22 1.2586237098 32.7013498998
23 processo23 0.0966415045211 23.1351891141
24 processo24 0.339276828393 26.0718425184
25 processo25 2.25038236375 48.3496635497
26 processo26 2.00428789575 30.5946167106
27 processo27 0.693756545447 32.5252144545
28 processo28 3.15242125059 56.8989715024
29 processo29 1.66390134291 37.1385568107
30 processo30 2.99490164986 37.0179075771
31 processo31 0.751801147064 36.0245593558
32 processo32 0.441529173373 34.5306208302
33 processo33 3.43985446827 41.5322463258
34 processo34 1.74215248549 40.7188758625
35 processo35 2.38463751406 54.6022846444
36 processo36 3.48135693695 56.0182668145
37 processo37 0.749411142408 42.0341552985
38 processo38 2.66198982545 54.4107129351
39 processo39 1.27652921328 51.248719036
40 processo40 3.37474309515 74.2164014808
41 processo41 0.509048907555 46.777571228
42 processo42 0.761611616196 44.6330162518
43 processo43 0.260170657596 45.5358437936
44 processo44 3.53564290393 54.5084460403
45 processo45 0.330220091515 45.7393961519
46 processo46 2.45452085583 50.2241586507
47 processo47 0.0535081380527 47.1112611224
48 processo48 3.79836372141 68.0547566983
49 processo49 3.56064820513 52.5761463212
