0 processo0 3.85010094482 28.126606802
1 processo1 1.23223867161 10.8870139754
2 processo2 3.86331254541 34.208775209
3 processo3 0.0482645460874 4.03409900985
4 processo4 3.74147998017 29.8844930822
5 processo5 0.727373729776 7.78973098701
6 processo6 1.09404840469 9.87618057041
7 processo7 0.885114005832 13.0933969173
8 processo8 0.550882285714 13.6058274397
9 processo9 2.27324455903 19.6702209989
10 processo10 1.4809471586 19.0303372617
11 processo11 1.51153175102 17.0199037248
12 processo12 0.990940148268 20.1006268758
13 processo13 3.99204562992 34.9749518533
14 processo14 3.62885655794 24.8900169905
15 processo15 3.91896138436 33.3705786461
16 processo16 3.08906480088 22.886048326
17 processo17 3.61727429032 53.6662909488
18 processo18 2.55258138222 24.6085203545
19 processo19 0.655418700829 21.2118441843
20 processo20 1.01750524611 25.8881568879
21 processo21 2.63322032615 29.7379421499
22 processo22 2.62701088682 31.3487195528
23 processo23 0.0359439976355 23.1538354041
24 processo24 0.397027442438 26.6855739427
25 processo25 2.90680609476 51.2030848102
26 processo26 0.124575157812 27.358392487
27 processo27 1.6165381401 39.3019724988
28 processo28 2.86835771947 36.979491847
29 processo29 0.172034201862 30.2469102384
30 processo30 2.35331090947 45.1166600972
31 processo31 3.83729251216 36.6479883551
32 processo32 1.58294351529 42.7550798918
33 processo33 2.27778814477 36.0305715732
34 processo34 2.24039955939 50.4533568583
35 processo35 0.534242866618 38.9444603671
36 processo36 2.16327447966 50.19208913
37 processo37 2.79964927834 41.6603019697
38 processo38 3.58119632573 65.2462142511
39 processo39 2.30528255574 59.9503377491
40 processo40 3.15929363447 50.1401468455
41 processo41 3.05565931955 51.9135039798
42 processo42 0.714223129911 49.4752551464
43 processo43 1.33616777351 53.4287140684
44 processo44 3.82606161639 72.5718717399
45 processo45 2.22962738142 60.6201003506
46 processo46 1.15998217766 56.6630741402
47 processo47 0.242188852721 47.387196386
48 processo48 0.126669536032 49.2564691958
49 processo49 2.72941847581 61.9410864079
