0 processo0 3.45956163112 12.4008441415
1 processo1 2.50083156405 5.86640028822
2 processo2 1.11412722049 3.81680064909
3 processo3 1.25395018764 16.3954637135
4 processo4 1.68444631835 12.7091387735
5 processo5 2.79207244552 29.3084799373
6 processo6 0.153501106034 7.03722548117
7 processo7 1.04694099168 15.250000981
8 processo8 2.63835725704 31.0359105543
9 processo9 1.59838518445 17.1603737932
10 processo10 2.05274222021 14.3950831443
11 processo11 0.518086865151 15.3680296968
12 processo12 1.21727759072 14.7307054653
13 processo13 1.57939341572 23.5527451291
14 processo14 3.08005784984 35.4401320424
15 processo15 2.9122047859 22.3069236804
16 processo16 3.61658787924 22.1778579118
17 processo17 0.853970795981 21.7106867571
18 processo18 2.18709782233 38.5172075342
19 processo19 1.36838954582 20.8396086871
20 processo20 2.26447941283 35.2808123246
21 processo21 0.167569745605 21.346942651
22 processo22 0.93408083647 24.5085645327
23 processo23 1.47767854613 25.9664068381
24 processo24 3.75995486345 49.9315218779
25 processo25 0.0609297137955 26.0222022233
26 processo26 3.69591892797 49.8402835026
27 processo27 1.0606477543 36.4313875034
28 processo28 0.258644557727 29.9706617888
29 processo29 2.53848381188 52.1098488002
30 processo30 2.20040060072 46.5023246267
31 processo31 1.85223556543 39.6876860013
32 processo32 2.75552437422 40.2367697203
33 processo33 0.694211454975 39.7005998555
34 processo34 3.05871308459 39.0596461877
35 processo35 3.25043563138 54.7249514868
36 processo36 1.63044542158 38.4051335271
37 processo37 3.98660346959 73.5948997231
38 processo38 2.86940565457 57.64952026
39 processo39 1.38736794816 43.8377353235
40 processo40 0.00958295506781 40.7934085702
41 processo41 2.88897591935 57.0144124345
42 processo42 0.274351015273 45.5886720398
43 processo43 2.25097633991 59.3592867825
44 processo44 2.40715153906 46.4419123317
45 processo45 0.222628297237 47.7073110372
46 processo46 2.01251264949 66.0371708517
47 processo47 3.40838528561 73.346042941
48 processo48 0.227086410121 50.2508404597
49 processo49 0.0157665538433 49.6606567561
