0 processo0 2.4989007327 13.5519768043
1 processo1 1.9176131515 11.0346848772
2 processo2 2.59475300899 17.9228146748
3 processo3 3.36770069531 24.1710222602
4 processo4 3.0923155853 9.21914173289
5 processo5 1.76512910035 13.7495204356
6 processo6 3.31601902101 28.2290801351
7 processo7 0.732322584611 9.90678051253
8 processo8 2.87765463084 11.1522084755
9 processo9 1.00886726246 19.808128492
10 processo10 0.303316600635 10.6185380806
11 processo11 2.60475226658 34.4918503833
12 processo12 1.2966161336 19.9499796915
13 processo13 1.26207336052 21.0513990255
14 processo14 2.83893561167 25.2841124891
15 processo15 1.64916901146 24.9280972597
16 processo16 0.935253979963 19.1304125945
17 processo17 0.753825767712 23.3026878957
18 processo18 0.827242913547 21.3540182764
19 processo19 0.427832646205 23.4076790062
20 processo20 3.47559261714 31.9162800131
21 processo21 3.62850883654 25.4653452541
22 processo22 2.55359911825 46.5748218408
23 processo23 3.09694364402 41.1236228815
24 processo24 2.6591545558 51.5436928075
25 processo25 1.22418023804 26.7279792048
26 processo26 3.86998957543 34.1361415051
27 processo27 2.47009851704 49.0975026305
28 processo28 0.130140478832 30.2379930712
29 processo29 0.732525516936 36.365548578
30 processo30 2.82934285083 47.0279076268
31 processo31 1.41320485194 41.6122565061
32 processo32 2.73074572649 43.3443567906
33 processo33 0.300888634056 34.8278307753
34 processo34 2.95276317883 48.3150111578
35 processo35 1.71422779852 52.6860586519
36 processo36 1.60664112125 38.816484699
37 processo37 2.86671634081 47.6413545011
38 processo38 3.62182013631 70.6109805507
39 processo39 1.3992779729 53.0779951893
40 processo40 1.79369442373 45.5617107735
41 processo41 3.54436532705 76.0827693931
42 processo42 3.97826403321 57.5898627093
43 processo43 2.43612890241 53.5381645968
44 processo44 2.92256054977 68.7933305556
45 processo45 2.16696838372 60.248311038
46 processo46 0.546565145759 51.0581105603
47 processo47 1.35668279542 55.5350830904
48 processo48 0.466971706111 50.1172661721
49 processo49 1.64560165605 53.6374662883
