0 processo0 1.0882066827 9.17978973904
1 processo1 2.24810623558 5.41929883514
2 processo2 1.26707293106 8.4090646328
3 processo3 3.80291543502 17.6263993065
4 processo4 0.357018861927 4.49242690222
5 processo5 2.97498903747 20.6946052287
6 processo6 3.79375392584 33.4479312943
7 processo7 3.30817640098 22.8051021125
8 processo8 2.50389594949 19.9976788278
9 processo9 2.56366296643 23.8432049321
10 processo10 0.616478032173 10.7332101371
11 processo11 2.93509545164 21.2089034923
12 processo12 1.12971858626 21.1436153772
13 processo13 3.64539164073 49.2627845302
14 processo14 3.27906206786 33.4886617574
15 processo15 1.71374245915 20.0358927877
16 processo16 2.5870035216 41.6603480909
17 processo17 2.20450420027 29.2601012727
18 processo18 1.07743828762 28.3332844896
19 processo19 3.73835156902 30.9141593218
20 processo20 1.5999301862 29.8363792505
21 processo21 0.705623338463 23.6098289708
22 processo22 0.17700905559 23.239878957
23 processo23 2.04489181783 43.2655171298
24 processo24 3.87861462226 35.7655112188
25 processo25 1.981562226 31.1715380315
26 processo26 1.21696001129 30.6169537978
27 processo27 1.78665711949 29.4058177679
28 processo28 2.3267641884 52.2029829212
29 processo29 0.923205738932 31.6169056524
30 processo30 2.03237597541 33.4978023674
31 processo31 0.220290570919 33.7678412475
32 processo32 1.0590658267 40.7388118395
33 processo33 2.48150743329 50.8516179463
34 processo34 3.69114247779 44.5784579964
35 processo35 0.919046089828 36.9903666825
36 processo36 2.21559286929 58.2433260701
37 processo37 3.96060384459 65.9229331799
38 processo38 1.51941835272 47.0857137853
39 processo39 2.33688648743 56.8910222107
40 processo40 1.54311014374 52.1967787131
41 processo41 3.69329801308 64.2519738676
42 processo42 0.794859855707 48.698330826
43 processo43 0.37751232849 46.3319258221
44 processo44 3.83381989059 66.8496631474
45 processo45 3.40530316332 71.5205909995
46 processo46 2.386897735 54.4803508154
47 processo47 3.42935545328 78.8007739108
48 processo48 0.743488878291 51.7955766027
49 processo49 1.63451516746 62.0413729837
