0 processo0 3.51794852073 36.1379077061
1 processo1 0.515535541172 4.09026380642
2 processo2 0.49014818809 7.71425573242
3 processo3 3.48136034539 15.3546929668
4 processo4 1.3820222449 10.5857549325
5 processo5 2.42501569257 18.6480130883
6 processo6 1.92282067166 12.7161930858
7 processo7 3.30464932304 27.5917760622
8 processo8 1.97001924687 24.117293412
9 processo9 2.95695426586 32.9958164553
10 processo10 1.48010337148 21.7922396239
11 processo11 3.3513980433 20.1577760032
12 processo12 0.410693531064 14.1486237178
13 processo13 2.59138239696 15.9940001121
14 processo14 0.382017919117 18.1406048739
15 processo15 3.43534952709 50.3034749373
16 processo16 1.08772958637 17.4893588675
17 processo17 1.31752322558 21.1572835051
18 processo18 0.79117539064 22.0674123028
19 processo19 2.04929054064 22.4543936086
20 processo20 2.98290741734 31.0974101166
21 processo21 2.58769448648 36.4473389795
22 processo22 0.573310567678 26.3345442507
23 processo23 0.944438137646 24.2063107565
24 processo24 0.198002517851 25.0710223715
25 processo25 1.16978098412 27.4693682992
26 processo26 3.18552619399 39.9087501799
27 processo27 2.83052252343 36.3889230698
28 processo28 3.84267316228 58.1385589345
29 processo29 3.79599445868 60.218087775
30 processo30 1.73752073141 44.0804617639
31 processo31 2.37760255897 38.6139212584
32 processo32 3.13444748856 57.2425978145
33 processo33 1.29172954701 41.7780376289
34 processo34 3.57333207106 54.8980054643
35 processo35 2.30487933218 58.4225905994
36 processo36 0.683168913197 39.7543319549
37 processo37 2.52760532325 48.9031656294
38 processo38 1.63505623401 46.4497804506
39 processo39 3.9951202875 62.7380348418
40 processo40 2.38921225324 60.1225031248
41 processo41 3.49198763194 53.0743059005
42 processo42 0.213411447842 42.9671079239
43 processo43 1.58970776247 52.1707189874
44 processo44 1.90334146864 50.8534567914
45 processo45 3.53546229566 53.1263351707
46 processo46 0.58188918514 47.8103525429
47 processo47 0.526554472751 49.64438993
48 processo48 0.589690998855 52.2824282412
49 processo49 1.2115080797 50.8576148605
