0 processo0 2.51073732788 12.9060364365
1 processo1 2.92051920761 4.59614342687
2 processo2 0.080532924063 3.68620675523
3 processo3 3.23461364944 15.7206324528
4 processo4 0.273548679967 5.4267812941
5 processo5 2.41965401491 28.5007982764
6 processo6 3.54396229516 17.4528275031
7 processo7 0.818940468277 14.4582283875
8 processo8 2.15207096327 25.8916781003
9 processo9 1.13707348487 20.6179089536
10 processo10 3.97127856928 22.2807808541
11 processo11 2.0994698285 15.6155985708
12 processo12 0.65357764666 19.0547461443
13 processo13 3.37877298439 33.3422540595
14 processo14 1.01161560566 15.3707659272
15 processo15 1.03656594499 22.7255198574
16 processo16 3.59865707374 31.100315059
17 processo17 0.512278049206 18.6914481445
18 processo18 1.5855021788 24.7393311531
19 processo19 0.583986451332 20.6515790144
20 processo20 0.72748112721 23.8486680304
21 processo21 3.06739976802 35.0315127341
22 processo22 3.01718633733 43.1955231094
23 processo23 2.93629136318 29.9203851487
24 processo24 2.06973682082 43.5633547798
25 processo25 2.36546388382 48.6541538509
26 processo26 1.35738066806 36.8472962604
27 processo27 3.85690297131 57.7347508163
28 processo28 1.15358241608 35.7084550441
29 processo29 2.04673569688 46.1018929389
30 processo30 1.37033663293 39.6525074785
31 processo31 3.26789131849 58.4091980283
32 processo32 1.37063770939 42.2762768778
33 processo33 3.89615706521 63.4160869236
34 processo34 0.659360469659 35.5271286034
35 processo35 2.68132280162 52.5069056671
36 processo36 1.75081979239 44.340293815
37 processo37 0.32160666102 38.2609832769
38 processo38 2.28065515034 58.6920030084
39 processo39 1.5131199943 49.8678104384
40 processo40 0.831122548979 44.1010435348
41 processo41 2.78493263962 57.6464094123
42 processo42 0.309628833761 45.1975806745
43 processo43 1.73914807774 59.6053562261
44 processo44 3.16660945261 69.2390940521
45 processo45 3.16676725722 49.2377218581
46 processo46 0.202916307529 48.6857559248
47 processo47 3.25700214979 52.3397384404
48 processo48 0.367884680149 48.9467661786
49 processo49 1.01394733705 57.0150473137
