0 processo0 0.0230368388525 0.633102141937
1 processo1 1.54001848055 5.66340479532
2 processo2 2.75404438625 7.76878241764
3 processo3 0.833502462414 9.0844183067
4 processo4 2.27605505259 8.2330083949
5 processo5 3.01615266086 21.0316636252
6 processo6 3.66977165915 31.5026447909
7 processo7 1.28156492409 20.0582088109
8 processo8 1.12947841793 13.3440883393
9 processo9 0.933931635412 17.6578865414
10 processo10 0.951377067608 12.0468542956
11 processo11 0.305267801865 12.1814566019
12 processo12 1.03756570454 17.4019797771
13 processo13 2.69586788294 37.7769615929
14 processo14 0.181082316235 14.3002409536
15 processo15 1.78284954654 25.6771926404
16 processo16 1.08099804813 27.6938325849
17 processo17 3.23495377204 36.4466578095
18 processo18 0.691129592903 20.0930386136
19 processo19 1.85844732346 25.8036463893
20 processo20 2.78494217616 41.7555863352
21 processo21 3.99931586655 45.0124503726
22 processo22 1.13798195114 25.0201119098
23 processo23 0.443864398862 27.2633512234
24 processo24 0.615806782119 27.6521807627
25 processo25 1.92819165396 37.7328458743
26 processo26 1.09864023181 28.8013360518
27 processo27 1.07949399385 36.9149436083
28 processo28 0.817901221766 33.1559800336
29 processo29 3.1044707061 46.9527592735
30 processo30 3.42677941147 57.026114326
31 processo31 3.57988237158 36.0595582897
32 processo32 0.689748314069 34.4434584594
33 processo33 1.37094917701 44.8674102215
34 processo34 3.06199982248 40.3450650022
35 processo35 0.43450564044 38.1033141409
36 processo36 2.83190247901 46.8147597701
37 processo37 3.74822952238 65.4768653263
38 processo38 3.20349683483 64.2361145242
39 processo39 2.65789820545 47.9778123993
40 processo40 3.84485489997 70.2004408416
41 processo41 0.523153989485 44.6189985711
42 processo42 2.97622133716 71.0819499184
43 processo43 1.92428186373 60.4593468942
44 processo44 2.66735988968 48.6876065033
45 processo45 2.58615624571 59.2448865623
46 processo46 1.67507642254 50.7084844719
47 processo47 3.32541572523 60.5547317478
48 processo48 1.85192341443 54.8530546451
49 processo49 1.32335003922 51.1482839108
