0 processo0 3.30598394341 6.38201644564
1 processo1 3.93381405164 37.0256845504
2 processo2 1.28516335521 4.46826598408
3 processo3 0.848784867887 4.3688220767
4 processo4 1.90560288517 17.2254110936
5 processo5 0.875416049893 11.6317010962
6 processo6 3.61815036849 24.1347937612
7 processo7 1.39603925484 20.6758849463
8 processo8 1.81034566324 24.9603074536
9 processo9 0.407095661794 10.4001858633
10 processo10 2.25262560701 14.5044430091
11 processo11 1.5671549776 12.8071946424
12 processo12 0.732320582999 17.1726721495
13 processo13 1.70840878054 16.3377916361
14 processo14 3.06531657766 17.7694815209
15 processo15 1.20647600295 22.0790198259
16 processo16 0.239247788221 17.2151384371
17 processo17 2.20476092401 24.3368722271
18 processo18 3.47553107627 24.6671478471
19 processo19 0.607487122634 22.3892614846
20 processo20 1.50666724683 31.817245138
21 processo21 2.94131659009 27.9625227177
22 processo22 3.5708836404 37.6163357779
23 processo23 3.57111485543 29.6213899996
24 processo24 3.75051242523 49.0629509982
25 processo25 3.74298032077 48.2091870869
26 processo26 3.17957590491 48.7046858298
27 processo27 2.15618996703 34.8364668158
28 processo28 2.17569038443 47.7019073857
29 processo29 2.87788920689 55.4993162599
30 processo30 1.018561519 37.652040688
31 processo31 0.767570393972 38.3665987162
32 processo32 1.10250039129 38.8633901369
33 processo33 2.19137322491 43.7354231309
34 processo34 1.9800898319 41.604979838
35 processo35 2.95293678718 64.8025456331
36 processo36 3.44227895031 47.9130629843
37 processo37 3.94297323179 75.7941641154
38 processo38 2.14828173381 53.998319011
39 processo39 1.42606824515 46.0576217207
40 processo40 0.164299525289 40.4969485141
41 processo41 3.02508800424 52.4061869657
42 processo42 1.4597203843 50.4641648599
43 processo43 0.635297315117 47.0998465551
44 processo44 0.346445262308 44.3611374921
45 processo45 3.70287801243 69.1486553727
46 processo46 0.817837527509 49.514763832
47 processo47 2.35240858321 61.6981653892
48 processo48 0.706575610083 49.7867014926
49 processo49 3.28380497154 67.3053274954
