0 processo0 2.68781360726 12.9775547611
1 processo1 1.55407929756 2.65655406946
2 processo2 3.34879855106 28.2982383671
3 processo3 2.42901005508 16.4588780314
4 processo4 3.41963707537 28.1707828775
5 processo5 1.34949242367 18.3721816689
6 processo6 1.35353230446 18.9562122012
7 processo7 2.31987500188 28.2579582682
8 processo8 1.17480683336 19.8530827197
9 processo9 0.299840063453 11.0277436251
10 processo10 2.0247788433 24.1972400775
11 processo11 0.0603082144117 11.5350163329
12 processo12 0.099177684347 13.3275388354
13 processo13 1.30472973034 20.2031774477
14 processo14 1.95622587743 33.8697884915
15 processo15 0.348814485351 17.900422436
16 processo16 0.515471967561 20.1009300035
17 processo17 0.624931222388 23.058357716
18 processo18 3.70234268028 35.1573670247
19 processo19 2.54226470996 30.7583367147
20 processo20 2.76111916213 32.6273944831
21 processo21 2.63881252199 33.2354572201
22 processo22 0.694963218548 27.0654715878
23 processo23 2.49452962672 25.7825875057
24 processo24 0.0478050290844 24.5999081078
25 processo25 2.15954284758 46.4374370877
26 processo26 1.49663173688 41.7426506754
27 processo27 0.213151873361 28.9044228807
28 processo28 2.17791919558 46.601564859
29 processo29 1.78487242175 33.8461307504
30 processo30 2.26540713111 37.2476310241
31 processo31 3.3600351704 59.5525465076
32 processo32 0.26378714752 33.9051450891
33 processo33 0.0581218943555 33.7597914553
34 processo34 0.0517278927207 35.3001444943
35 processo35 0.750641677523 43.2323515086
36 processo36 0.448982219759 37.9224680061
37 processo37 2.12270122454 40.2661189464
38 processo38 0.717383496022 44.6120596637
39 processo39 1.45060920946 47.3066727868
40 processo40 2.57028393234 59.9927359091
41 processo41 3.1267579115 65.2616153094
42 processo42 1.18599641751 45.445739442
43 processo43 2.87747035547 56.413025577
44 processo44 0.0995111349125 45.2393350085
45 processo45 2.69804389737 69.3915759408
46 processo46 2.50407077351 61.4784109094
47 processo47 3.99358231712 80.9300750008
48 processo48 1.21620148269 57.4656858874
49 processo49 2.50868236896 70.4069489648
