0 processo0 2.18634630582 11.2379848868
1 processo1 1.56340421184 4.87462820022
2 processo2 2.74684429186 13.6644691456
3 processo3 3.78138413515 38.9169040575
4 processo4 3.66417551591 15.7096120604
5 processo5 1.60507063987 11.8490782762
6 processo6 2.5396831618 14.0134343514
7 processo7 1.0425314935 17.4795715737
8 processo8 1.16665068397 19.5614574461
9 processo9 0.613996448887 14.582990886
10 processo10 3.29645201738 18.2884192217
11 processo11 2.4095365752 21.9516741761
12 processo12 3.24197920901 21.3250796631
13 processo13 0.70814417482 14.6343163242
14 processo14 2.17351013328 29.989073046
15 processo15 2.38045779959 26.0751169519
16 processo16 0.112055429862 16.4210372325
17 processo17 1.16685427281 18.1800124627
18 processo18 3.23524707153 25.4731815551
19 processo19 0.927591662305 26.7430762216
20 processo20 3.30523860085 27.8386155157
21 processo21 1.92904689299 24.0995096915
22 processo22 0.577913075217 25.6477626182
23 processo23 2.93764239727 30.6445853595
24 processo24 3.96767378148 48.3669152333
25 processo25 2.78249460247 45.1180860972
26 processo26 0.318866186215 28.8660582527
27 processo27 3.27611321271 44.0700147921
28 processo28 1.68043607828 39.7947365512
29 processo29 0.764129574834 34.3818966462
30 processo30 3.25199751262 49.5839190279
31 processo31 2.15134785931 39.8725837553
32 processo32 1.92385239862 45.4369659287
33 processo33 0.300254730665 35.9311917869
34 processo34 3.06618427418 45.8216377825
35 processo35 0.0277105855532 35.6607870922
36 processo36 0.640255238418 37.0582354844
37 processo37 3.9414489396 70.7370493208
38 processo38 0.0953562045358 39.4009582673
39 processo39 0.853250742992 48.4976966095
40 processo40 3.83338089601 70.2542928261
41 processo41 2.07422390937 47.5451149334
42 processo42 0.775619653202 48.9156712959
43 processo43 2.75925164837 48.5869497739
44 processo44 0.0481019296294 44.5184826113
45 processo45 0.0848920646895 45.8963856253
46 processo46 1.02761519267 55.6602950669
47 processo47 2.01997557373 57.193983599
48 processo48 3.12246187984 79.4369857071
49 processo49 2.05581529021 52.1091899142
