0 processo0 1.31917084096 8.96716272364
1 processo1 2.40100188452 22.9611040074
2 processo2 3.52955787889 11.8503869713
3 processo3 0.125235490303 5.03172099469
4 processo4 2.59088221136 21.0834642921
5 processo5 1.62463097857 19.616078406
6 processo6 1.71800995942 9.96548024225
7 processo7 2.35913439197 28.2429267363
8 processo8 1.95527057597 20.5769244502
9 processo9 0.212265360968 9.82815244291
10 processo10 2.1910707922 24.3027324028
11 processo11 1.01982849209 13.1190840906
12 processo12 2.63119993525 27.3493399917
13 processo13 3.71249513834 34.6829214732
14 processo14 0.80435530994 19.096703454
15 processo15 2.30910816012 33.4250305741
16 processo16 1.61128535442 23.2781293134
17 processo17 0.49161461707 22.4321151832
18 processo18 1.4603658481 27.8365414551
19 processo19 0.820804186663 23.6040836182
20 processo20 3.08328330848 30.4762140881
21 processo21 2.49004779088 26.7626734756
22 processo22 3.84446019354 59.5865222225
23 processo23 1.26870999296 25.1414685311
24 processo24 0.836496837559 29.584531038
25 processo25 3.92434850962 45.9554505905
26 processo26 1.89082313306 42.8324490409
27 processo27 0.499816048674 30.5232936219
28 processo28 3.56814130602 43.4392816851
29 processo29 2.0207268987 46.33216026
30 processo30 0.28314491621 31.8931224937
31 processo31 0.129131120819 33.1030300637
32 processo32 3.45359045066 42.4281517416
33 processo33 2.53796824567 55.457773583
34 processo34 2.56372847168 56.920020198
35 processo35 1.97561290244 39.703450638
36 processo36 1.75836672267 52.3621402126
37 processo37 0.293521065631 39.2579768858
38 processo38 3.38605181666 47.7245184399
39 processo39 0.381693290839 39.7392373896
40 processo40 3.87423746187 51.1897544378
41 processo41 0.108639656463 41.6399513629
42 processo42 1.84489383773 57.3400919031
43 processo43 1.38954003468 49.9469538557
44 processo44 2.13779143433 57.1362129292
45 processo45 0.119936903837 45.8760994992
46 processo46 3.39148325469 75.3450283076
47 processo47 1.52601566684 58.9317980766
48 processo48 1.25846466202 56.9420301758
49 processo49 3.11341344373 74.85553444
