0 processo0 2.26362717299 11.3671345859
1 processo1 0.314936729173 3.97431283369
2 processo2 0.621601438891 5.34943672145
3 processo3 2.99522328727 20.0089063763
4 processo4 3.77222583164 24.3768186424
5 processo5 0.881792095525 11.8254404285
6 processo6 2.24791300358 17.7470940329
7 processo7 2.46421951895 19.3454965822
8 processo8 2.08237386134 28.8090375723
9 processo9 2.490209202 22.4357908698
10 processo10 1.55952250019 21.1637343217
11 processo11 1.48804712313 23.3249336211
12 processo12 3.42507504872 17.6931174078
13 processo13 0.849352203478 22.3369442476
14 processo14 0.330887652735 18.2596791019
15 processo15 0.153742761158 16.0583204685
16 processo16 0.545036360023 17.5228181793
17 processo17 3.73733231014 43.0461170351
18 processo18 0.898361349423 20.1098688327
19 processo19 3.111447931 35.4543128232
20 processo20 1.755881549 30.8619005606
21 processo21 1.68633794917 31.228096427
22 processo22 1.94178629831 24.2285780927
23 processo23 0.497337102004 24.3961854901
24 processo24 2.96806215899 54.114416196
25 processo25 2.84732703155 49.4507572807
26 processo26 3.94324275243 47.394882374
27 processo27 3.23845386965 46.7553229325
28 processo28 0.583151186624 33.1439398644
29 processo29 2.36715036983 53.485564318
30 processo30 2.61448286582 47.305444303
31 processo31 2.08027164227 35.3276988824
32 processo32 0.892200605992 34.254421966
33 processo33 2.82015436154 51.0319654432
34 processo34 0.575805121108 35.4268977373
35 processo35 2.50963375096 44.2120281044
36 processo36 2.96123420428 47.7386763902
37 processo37 0.290514079926 37.5103832711
38 processo38 0.273731187053 38.3913638734
39 processo39 3.08760789052 49.5761708671
40 processo40 2.02923869441 44.0423856346
41 processo41 3.6514801801 49.5937558644
42 processo42 0.965166424128 44.7837554342
43 processo43 3.37223838573 76.6969878178
44 processo44 2.45837061167 57.7128519107
45 processo45 0.0894196126471 45.705353286
46 processo46 0.8510444327 51.3488193017
47 processo47 0.609355208146 49.8675745702
48 processo48 1.22088512733 53.5218390642
49 processo49 2.01976929576 52.1203876561
