0 processo0 1.01351123184 8.14156943373
1 processo1 3.75256072873 16.5800702929
2 processo2 2.36600695393 24.9219997837
3 processo3 3.35974193273 24.8852686493
4 processo4 2.57211314728 19.561314567
5 processo5 1.97214277662 10.1106438852
6 processo6 2.32854715412 29.9532650782
7 processo7 2.29823564472 12.0713923536
8 processo8 2.56676144951 29.0728923537
9 processo9 2.07468812281 24.9707179657
10 processo10 1.07884725276 15.6026874814
11 processo11 1.8838701532 18.5974385538
12 processo12 0.821947407388 15.952550022
13 processo13 1.22513104195 20.7328300586
14 processo14 2.73844361711 30.7359186578
15 processo15 1.93700207379 29.2222595679
16 processo16 2.86069298527 39.110141564
17 processo17 3.64309186761 44.2777328594
18 processo18 0.353795403576 18.844835773
19 processo19 2.79303168797 33.21687666
20 processo20 1.34457539653 25.9645238944
21 processo21 1.73332799797 36.5776716806
22 processo22 0.107530165365 24.0381590261
23 processo23 0.404153527544 27.350456131
24 processo24 0.26142443416 27.0138807758
25 processo25 1.10962057682 26.5279441534
26 processo26 0.0350354464379 26.2527629844
27 processo27 3.48544179864 39.3957005178
28 processo28 1.45791996945 39.3113679107
29 processo29 2.74147607229 41.0134161169
30 processo30 0.428049237708 30.7065584248
31 processo31 3.19079845826 52.2308241981
32 processo32 3.56243028528 40.231829498
33 processo33 1.35300978959 37.4170761841
34 processo34 2.46971407936 48.1151912796
35 processo35 3.7241900862 69.151677121
36 processo36 1.31500305557 42.5842414709
37 processo37 3.7318694792 43.3771714479
38 processo38 1.29490180831 42.390673731
39 processo39 2.50158604622 45.5489676025
40 processo40 0.405881296598 40.4593974486
41 processo41 1.43294078513 47.0217427984
42 processo42 2.02741699284 47.5889626963
43 processo43 3.73674041407 56.6508873083
44 processo44 0.05375151831 45.4656562141
45 processo45 0.0150477743032 45.7364329302
46 processo46 0.715402853751 51.7630538316
47 processo47 1.30472148131 57.3223028214
48 processo48 3.98848879856 57.6398896375
49 processo49 3.51676782595 68.5217113393
