0 processo0 2.3024629114 12.7112472067
1 processo1 0.324030415778 1.60960055803
2 processo2 0.998616964389 4.1634616172
3 processo3 0.313301453906 4.92548245096
4 processo4 0.158474820297 4.74958786945
5 processo5 2.76757943376 17.8525568828
6 processo6 2.8134244986 29.3841352299
7 processo7 0.345256008124 7.74537366595
8 processo8 2.45140460632 32.1234347311
9 processo9 0.664657613813 11.984110442
10 processo10 3.47281723486 24.8437478038
11 processo11 2.82484043327 33.10647359
12 processo12 3.55807871304 48.5767359927
13 processo13 1.67595075113 23.8372122688
14 processo14 0.688352929577 17.4766702731
15 processo15 1.06721305651 19.5676650252
16 processo16 2.2862303863 22.9410859168
17 processo17 3.24288898679 40.9814134257
18 processo18 3.78604268879 33.757790827
19 processo19 1.54148015564 27.8262326024
20 processo20 3.80220875079 38.6891602666
21 processo21 3.82038946328 33.9038846253
22 processo22 1.52646923213 31.250222012
23 processo23 3.19261861756 53.3785169946
24 processo24 0.207492928045 24.3962337852
25 processo25 0.143682684904 25.5356367938
26 processo26 0.604628986388 28.9972743226
27 processo27 0.329716100385 30.090435687
28 processo28 1.32920233837 40.2030082525
29 processo29 2.71041375637 41.242004209
30 processo30 1.19076013446 32.739869507
31 processo31 0.512483132422 36.997513005
32 processo32 0.865537720698 39.9110797725
33 processo33 0.0535841356091 33.5401020349
34 processo34 3.47477046221 53.1838387645
35 processo35 3.33486557309 41.2565735938
36 processo36 2.22352296503 55.6132730275
37 processo37 2.27972765538 47.2980268176
38 processo38 3.05543486731 67.8760430868
39 processo39 3.12291710786 66.8608168567
40 processo40 1.32298272154 41.9331062952
41 processo41 0.246540190958 44.3873457518
42 processo42 1.92202319272 61.0619816191
43 processo43 0.253291161817 43.893774545
44 processo44 0.649006860629 45.9694046639
45 processo45 0.715443109685 50.8446415826
46 processo46 2.68125608782 69.0002626224
47 processo47 3.38568426346 50.6887847826
48 processo48 2.33157282575 55.5485370316
49 processo49 1.50221861261 54.8884370019
