0 processo0 2.68295997345 15.3440684764
1 processo1 0.564440268118 5.09041900461
2 processo2 3.46580359218 25.199818966
3 processo3 2.71510982647 20.2469365485
4 processo4 1.13624616272 13.8658419395
5 processo5 1.43331723922 16.4253853241
6 processo6 2.16259708336 23.0779184946
7 processo7 0.387036879399 8.39126517999
8 processo8 1.67434159125 10.4762090234
9 processo9 0.28840908347 12.1254296172
10 processo10 0.442603971052 13.4116964188
11 processo11 0.947269206578 14.4065376422
12 processo12 3.1104668653 27.928919646
13 processo13 0.925546838049 19.413572591
14 processo14 3.78840758127 31.5285644412
15 processo15 1.40171630629 24.0428665858
16 processo16 0.83588582998 23.8354800865
17 processo17 2.60264985119 38.7240821912
18 processo18 2.98177925247 28.5225957888
19 processo19 1.58196006545 28.8912716939
20 processo20 2.85266192385 37.7599212086
21 processo21 3.32192833902 48.123302531
22 processo22 0.449821449065 22.5187517032
23 processo23 2.47618962936 38.2135187578
24 processo24 1.71553041328 33.2647262523
25 processo25 0.729440803173 26.583077234
26 processo26 1.30857766972 35.8218889878
27 processo27 0.16952085588 29.0333757364
28 processo28 0.24711294743 29.7364649918
29 processo29 0.105203404857 29.6706856246
30 processo30 2.80437807304 45.7148669855
31 processo31 0.311129433862 34.5911756501
32 processo32 3.55016761659 46.9692528431
33 processo33 2.18932640422 43.9999356228
34 processo34 1.93377691166 50.1975075635
35 processo35 1.40766487115 46.5366632136
36 processo36 3.95140276561 72.0199725612
37 processo37 3.86757914942 55.7707800273
38 processo38 2.87225619036 61.7133323256
39 processo39 3.80223236863 60.4041214537
40 processo40 0.552091620433 46.2648466098
41 processo41 3.27287791515 67.7665387592
42 processo42 3.78334181456 53.0918433438
43 processo43 0.247557145416 46.1934352534
44 processo44 1.97015560064 62.3019475588
45 processo45 1.02611276788 49.1558312774
46 processo46 1.16931428912 56.9628129143
47 processo47 3.06986278408 52.2799921494
48 processo48 1.90236589984 60.5241946466
49 processo49 0.29181036891 50.2060893794
