0 processo0 3.85088263073 6.7980855841
1 processo1 1.01482571604 8.78383338862
2 processo2 1.3369687243 4.41790424119
3 processo3 2.29080592711 25.2228427989
4 processo4 1.30332786526 17.6067809369
5 processo5 3.9982228727 12.9722472118
6 processo6 2.07420931923 15.7772487049
7 processo7 1.48962464011 14.6064033561
8 processo8 3.06412931261 34.9903266829
9 processo9 3.01005544642 38.9156278496
10 processo10 3.17603741527 14.5664282237
11 processo11 0.882341639898 17.7232885862
12 processo12 3.08431756119 28.0745442062
13 processo13 2.90682785197 31.208190168
14 processo14 0.00843464981828 14.8007281467
15 processo15 3.98074215625 31.8283392193
16 processo16 3.82011730178 46.5349724487
17 processo17 2.87745656459 29.5541593375
18 processo18 3.89852952918 54.9063051417
19 processo19 0.592903376904 19.7118985569
20 processo20 0.92697193523 22.3181635011
21 processo21 2.33317606906 36.7209277133
22 processo22 3.03301122086 25.7267092204
23 processo23 3.01388755705 30.8468977257
24 processo24 1.30998984381 27.9324592525
25 processo25 0.581920665102 26.2359839628
26 processo26 1.22783108952 37.7316373371
27 processo27 0.205274234371 27.7009682517
28 processo28 2.24968452602 34.9188253162
29 processo29 3.31862189752 54.7292342482
30 processo30 3.24306758598 61.3423860267
31 processo31 1.88174311097 35.125990113
32 processo32 0.414505989751 36.8046286019
33 processo33 3.4429498324 54.0394778985
34 processo34 3.45165771366 47.5651787267
35 processo35 0.203608838776 36.9004933238
36 processo36 1.98966027871 48.5187487849
37 processo37 3.9126595065 71.7835810741
38 processo38 0.65941578869 40.1423689343
39 processo39 3.64688380337 54.038331825
40 processo40 0.900611403091 49.9176996672
41 processo41 2.92061781232 61.0892839561
42 processo42 3.79704216486 66.3517962976
43 processo43 3.48523314397 52.3409316836
44 processo44 3.05486424442 61.5527791109
45 processo45 3.97919947045 54.0741621147
46 processo46 0.190072013302 47.7398080831
47 processo47 0.255583643124 48.2234651382
48 processo48 0.413327555301 51.9963225155
49 processo49 3.30546497335 80.1330693847
