0 processo0 1.11014769819 10.6811741569
1 processo1 2.3438695946 22.8650235687
2 processo2 3.19369586756 11.7227404933
3 processo3 3.36699623583 28.3829206169
4 processo4 0.7458437347 6.14459874995
5 processo5 3.30814972633 27.7836424144
6 processo6 1.16303670623 13.8081020678
7 processo7 2.91130720684 35.4454459297
8 processo8 3.29452225021 39.0247070243
9 processo9 2.54613227336 31.1169040627
10 processo10 2.81520652434 19.9524787177
11 processo11 0.164903893312 11.3842452651
12 processo12 3.73674708536 23.8698007644
13 processo13 3.32101430245 24.4278105225
14 processo14 1.06263570726 18.9725954876
15 processo15 2.61660784816 32.514267245
16 processo16 1.35227014229 26.9443939768
17 processo17 2.41952053108 20.7219497799
18 processo18 2.6364350715 40.4607055815
19 processo19 3.37444504872 39.5352497441
20 processo20 3.5405292311 52.2909045256
21 processo21 0.17145737456 23.2453419805
22 processo22 3.26398070514 37.8937366613
23 processo23 3.55408774938 35.5721165141
24 processo24 1.51178524641 39.0207297696
25 processo25 3.23118025496 54.7446408251
26 processo26 1.02407585167 28.0045229983
27 processo27 2.93229665762 54.4619245377
28 processo28 3.12405670418 47.6013615456
29 processo29 1.62837588784 31.5380856079
30 processo30 2.26912074847 51.5569666892
31 processo31 2.40836382764 52.5394833058
32 processo32 0.123024038804 32.864310905
33 processo33 3.76302460871 40.2554976825
34 processo34 0.544531923987 35.129032131
35 processo35 2.55212130434 46.6261100327
36 processo36 0.991127375487 43.5843695881
37 processo37 3.30370630284 45.7515746592
38 processo38 0.718578751603 43.8239196938
39 processo39 2.29784984527 47.4745108655
40 processo40 1.17751161565 49.1367619001
41 processo41 1.99580398185 59.7117170082
42 processo42 2.09322761045 61.9615058846
43 processo43 1.48073709665 58.3471162751
44 processo44 1.09809345885 55.320476275
45 processo45 3.40874938281 69.6927943232
46 processo46 2.57264589157 72.1119536893
47 processo47 1.77838135417 54.6940958431
48 processo48 1.99433256426 60.7414039774
49 processo49 2.82564928846 76.8477117717
