0 processo0 3.27568376996 23.4500272816
1 processo1 0.41085782441 1.89034828792
2 processo2 5.86896663709 39.2677494768
3 processo3 5.01356354039 47.9102196741
4 processo4 4.37969411502 10.8796817946
5 processo5 5.74606002476 46.0574548069
6 processo6 4.86339066136 29.9731992234
7 processo7 1.4424984837 22.3983661783
8 processo8 4.16380352012 41.341644223
9 processo9 4.40980517636 17.6700944495
10 processo10 0.196655672902 10.7218150868
11 processo11 5.49267717144 47.2765478405
12 processo12 5.45004532417 55.2117518074
13 processo13 3.08598458237 17.7081307167
14 processo14 1.57609062896 24.8284146931
15 processo15 3.07120450761 41.535010309
16 processo16 2.50196853387 35.4684394485
17 processo17 5.71696566218 57.2518490953
18 processo18 2.58433778155 24.2658939312
19 processo19 2.28689224969 31.0126405276
20 processo20 3.26890106848 39.3070453203
21 processo21 4.87121684451 53.0031518889
22 processo22 3.33164679148 33.585834344
23 processo23 3.53967095731 38.5253139713
24 processo24 0.680713238883 29.5220836448
25 processo25 0.339357409669 28.8894242058
26 processo26 0.86877797193 29.1973228927
27 processo27 4.8241708453 66.9296397871
28 processo28 2.27704081967 41.2030971188
29 processo29 3.84553442464 62.119328883
30 processo30 3.04725292486 48.4055859469
31 processo31 1.21297618719 38.9373382867
32 processo32 1.15489830248 44.0762854464
33 processo33 1.59830208226 37.9072648225
34 processo34 2.65342520638 49.2800365114
35 processo35 4.77783151167 60.1996512319
36 processo36 3.43873456449 69.449914564
37 processo37 1.28049602145 43.7383607845
38 processo38 3.57157573117 46.3076644234
39 processo39 5.6924921846 67.0181817772
40 processo40 4.74585485755 87.4289204103
41 processo41 2.49174641707 60.388769674
42 processo42 3.93161864875 55.5786532031
43 processo43 1.30307884283 49.3339101599
44 processo44 5.57894902302 80.635949381
45 processo45 0.239144253686 46.9892901099
46 processo46 0.325205679849 47.2341599326
47 processo47 1.91334873979 64.2511506489
48 processo48 5.20281268 94.246040208
49 processo49 5.837700581 72.9659467034
50 processo50 5.2540513087 83.5726554886
51 processo51 4.50996207697 67.4694260199
52 processo52 1.401430356 60.8096981018
53 processo53 0.128367235074 54.0199571936
54 processo54 3.00285142516 59.2332246921
55 processo55 4.42761988092 62.3264142621
56 processo56 3.17161056441 61.7580993893
57 processo57 2.23674186581 76.9273483418
58 processo58 2.59354562256 81.7928120889
59 processo59 3.80747958183 67.1860191902
60 processo60 4.34516704052 75.230521382
61 processo61 5.58625392289 78.895105362
62 processo62 4.47146048222 96.5591816781
63 processo63 1.88834383416 79.2256380107
64 processo64 4.1247239752 85.6867526288
65 processo65 1.80581679971 75.0238425733
66 processo66 3.80028743254 81.0329539475
67 processo67 5.76371596083 116.519500082
68 processo68 2.12253457098 88.3822855062
69 processo69 1.96294499171 71.1368713952
70 processo70 4.6796247488 93.3225078994
71 processo71 0.0832709682988 71.6119307642
72 processo72 2.23978734018 90.2381311764
73 processo73 1.45413376194 75.1447654652
74 processo74 4.76790226155 96.9140165675
75 processo75 3.19120451726 88.1254543573
76 processo76 4.29248388951 110.229820784
77 processo77 5.34297410834 111.462641844
78 processo78 2.06773846848 88.7545540771
79 processo79 0.945209965805 87.9433153648
80 processo80 2.10085794562 97.5023658724
81 processo81 1.98569592294 84.3846249226
82 processo82 5.40223616893 134.66011261
83 processo83 1.13546653914 89.5116961231
84 processo84 5.52249216538 101.13179005
85 processo85 1.8205721716 102.306363604
86 processo86 0.813239190176 92.2729868136
87 processo87 2.1659384099 107.3593736
88 processo88 4.09508097108 109.476277859
89 processo89 1.99993074763 109.362275254
90 processo90 5.27824287574 118.182945541
91 processo91 4.92136290434 133.865960381
92 processo92 5.00030655404 100.154407432
93 processo93 1.50297866389 105.747096942
94 processo94 0.272076100744 97.0208915707
95 processo95 1.81449642675 98.663578306
96 processo96 2.15003709527 98.770018146
97 processo97 0.270735716876 98.2666066564
98 processo98 2.62377498972 104.801409593
99 processo99 4.75333742814 128.042284372
