0 processo0 5.51481764314 15.2764195827
1 processo1 0.543955405151 4.3250761345
2 processo2 1.02849520828 12.5926033969
3 processo3 5.41803082315 21.5514205605
4 processo4 0.832291348083 9.08717184923
5 processo5 1.68765200506 12.6594573725
6 processo6 5.4360480716 45.0615360469
7 processo7 4.313399394 42.3319633214
8 processo8 0.593346458898 12.4741382122
9 processo9 4.17336822354 16.7949298016
10 processo10 2.61104747588 13.6371964578
11 processo11 0.0135275996335 11.5145897183
12 processo12 0.505589191704 15.0469775246
13 processo13 5.95493264915 71.8673403228
14 processo14 5.7623259765 28.68265668
15 processo15 5.27438432945 28.0847636662
16 processo16 0.345971585063 16.6984641701
17 processo17 1.0422367989 26.2172381758
18 processo18 2.52355874766 20.8651520379
19 processo19 3.14759628735 28.6423769783
20 processo20 2.25266860766 40.0009178487
21 processo21 4.69868066333 36.7661767684
22 processo22 4.35365262098 37.1445854403
23 processo23 3.74530181544 60.4893156965
24 processo24 1.72970197037 32.8925562712
25 processo25 1.33551255453 35.4548316057
26 processo26 4.03149970342 52.3874331671
27 processo27 2.07857148109 32.5230574047
28 processo28 2.63126016238 50.4612652879
29 processo29 3.13195360834 56.9993375634
30 processo30 3.44416006536 51.4314400619
31 processo31 2.09074689632 42.9132136381
32 processo32 2.03912591312 38.1789134999
33 processo33 4.18739240794 72.2680855772
34 processo34 0.0658336413556 35.6248485881
35 processo35 4.59276525528 54.0204446012
36 processo36 1.22654724987 45.0229437724
37 processo37 5.24154652544 75.2894107821
38 processo38 1.19097083281 42.9187154218
39 processo39 4.34231519853 78.4051640979
40 processo40 0.600351859644 45.3850953289
41 processo41 0.788697861848 46.2058187595
42 processo42 0.877304386222 49.9122440538
43 processo43 0.519268382133 48.752429112
44 processo44 1.45650452666 46.8612293041
45 processo45 3.83773365757 75.7400075827
46 processo46 0.482043208276 50.3272169225
47 processo47 0.369804244451 51.3144535399
48 processo48 1.66425302564 64.2624592484
49 processo49 0.691606596581 56.1468396519
50 processo50 0.388786406873 54.5953689017
51 processo51 3.12890670236 63.5703233394
52 processo52 2.16775425885 73.407377151
53 processo53 0.9891973837 62.4126754658
54 processo54 1.71904002927 58.5048499982
55 processo55 3.31833685491 58.4793935592
56 processo56 2.58538359631 60.7041293926
57 processo57 1.41254316857 68.4108564757
58 processo58 4.53166544108 80.9972750627
59 processo59 1.69648929266 67.3505943178
60 processo60 2.90999764571 84.2136286613
61 processo61 3.29013621817 90.7752028613
62 processo62 1.85752597157 64.7766123653
63 processo63 3.44383412308 85.6813559976
64 processo64 5.46475235176 118.107341292
65 processo65 5.71779159992 120.543028947
66 processo66 1.42171083419 70.0944258267
67 processo67 4.60909676827 108.237178253
68 processo68 1.1176721613 70.3554609167
69 processo69 1.45652397713 74.0395753522
70 processo70 2.74702988489 83.5035642985
71 processo71 1.68122880974 79.2739644687
72 processo72 0.808300772929 77.777694965
73 processo73 2.63952977567 95.3054493928
74 processo74 2.42396881092 83.0842914821
75 processo75 5.88092641904 132.189307527
76 processo76 3.89228875286 90.2850832564
77 processo77 0.958169086992 81.337849336
78 processo78 3.45224186244 110.393084236
79 processo79 5.06626592805 91.8211491284
80 processo80 5.14832095961 96.1393946268
81 processo81 5.1166321988 118.360133029
82 processo82 2.23294884547 85.0569588215
83 processo83 3.15380488192 113.178108294
84 processo84 4.50181344172 114.777446279
85 processo85 5.01825853882 95.495420953
86 processo86 4.48631964347 104.604133727
87 processo87 5.40965922821 136.83036421
88 processo88 3.28240195404 118.314055589
89 processo89 3.94866385362 123.756264777
90 processo90 3.56395632133 106.40614298
91 processo91 0.647874319467 93.1038858327
92 processo92 3.07760928614 100.126082889
93 processo93 2.96481624773 99.5222332828
94 processo94 0.503914175854 99.7818612377
95 processo95 3.85384175142 101.660643223
96 processo96 0.258517614329 99.5456007664
97 processo97 3.42106581239 129.95217191
98 processo98 4.82227990214 128.939025558
99 processo99 3.97277390264 133.397647289
