0 processo0 4.92248233708 40.8330436742
1 processo1 1.94293226485 4.63881470771
2 processo2 2.83515282208 7.54966928437
3 processo3 2.45140180462 21.5697902944
4 processo4 0.413232547937 7.32120711975
5 processo5 1.97337855827 8.69929364725
6 processo6 1.92398260365 17.0603974008
7 processo7 1.72709149713 22.895314453
8 processo8 4.14684501435 39.6500915917
9 processo9 1.59063891513 19.7748298199
10 processo10 4.36631963329 19.8628975564
11 processo11 5.98604272045 70.4277765144
12 processo12 3.64929311814 38.3939013609
13 processo13 0.389843806323 17.1497078717
14 processo14 1.26286058586 15.5166214869
15 processo15 4.27212007429 55.681453219
16 processo16 0.825515748986 17.589563104
17 processo17 4.09250349187 44.2000884003
18 processo18 4.81434440831 66.1223853017
19 processo19 0.390900643032 20.7903804075
20 processo20 1.4262173175 28.4419137795
21 processo21 1.44953303823 32.8530572425
22 processo22 5.84753814339 63.1462621249
23 processo23 4.61887877749 30.6562371947
24 processo24 0.665711127418 25.9801027851
25 processo25 4.29322485928 52.6738924791
26 processo26 1.65091041327 39.225191573
27 processo27 5.01723692034 50.4048072977
28 processo28 3.53266089952 50.4300277664
29 processo29 0.0754997020183 30.6081346133
30 processo30 5.01249501356 51.7713569156
31 processo31 5.98772403763 61.0667475287
32 processo32 1.02149189206 43.1627151513
33 processo33 4.08943700579 65.6578932703
34 processo34 4.17008246706 40.4728158755
35 processo35 4.99709105323 70.9006293746
36 processo36 0.927441460115 39.8787746816
37 processo37 4.17459606983 77.6035957957
38 processo38 4.92028485909 64.5488370193
39 processo39 2.81511241006 50.8254841501
40 processo40 0.582404692943 42.7662003415
41 processo41 0.145658600547 42.9171669151
42 processo42 4.44663898643 50.0329068556
43 processo43 2.52131827306 56.3227166057
44 processo44 0.508026021065 46.5296093579
45 processo45 1.10255782328 54.2089934589
46 processo46 5.49176671154 76.8436958259
47 processo47 0.00960496002976 47.5522897994
48 processo48 2.34878435187 61.2183252936
49 processo49 2.95873237557 76.4073703021
50 processo50 5.44659398477 65.0740980732
51 processo51 2.13750791924 61.4946370289
52 processo52 1.93969298713 55.0012481447
53 processo53 5.27716456846 79.4997965733
54 processo54 3.46717686244 67.0085409167
55 processo55 3.53922136731 66.7717417449
56 processo56 3.13824416601 70.2214384158
57 processo57 0.482646458024 59.1373302263
58 processo58 3.72008686765 89.6358505661
59 processo59 2.58293981054 78.5413699649
60 processo60 3.62115880111 69.3564614791
61 processo61 0.542656933804 66.5456107617
62 processo62 3.16302135896 93.5595595844
63 processo63 3.20364678026 66.2434905631
64 processo64 2.73838010331 84.1837058096
65 processo65 1.06007780912 70.9345100331
66 processo66 4.89054064782 83.4568012916
67 processo67 3.75315161708 88.6826395898
68 processo68 5.03941185962 102.349906564
69 processo69 0.0427712762998 69.0709545378
70 processo70 1.47363637402 77.463385386
71 processo71 5.00183613781 103.428471652
72 processo72 2.95286494435 80.0885399346
73 processo73 1.98005687224 93.3751579114
74 processo74 2.5724513588 89.1766363716
75 processo75 1.08225735361 81.8178511502
76 processo76 4.95060546106 98.4790141075
77 processo77 1.54107669601 90.3473984042
78 processo78 0.355600593088 79.2062569585
79 processo79 2.40168918811 103.179740248
80 processo80 1.75602966334 86.344338118
81 processo81 1.40332219523 83.2655177216
82 processo82 4.01847120359 95.3917357455
83 processo83 5.11384986777 131.654612761
84 processo84 4.96414050071 126.140636088
85 processo85 4.77456681126 103.059735101
86 processo86 3.02194491573 98.5697099007
87 processo87 3.8185297959 98.648397324
88 processo88 2.72435196235 99.8318413239
89 processo89 2.9895715634 112.658550141
90 processo90 5.75829997016 121.88512735
91 processo91 1.99721704212 108.844041037
92 processo92 5.99601844602 105.312757967
93 processo93 3.07541471914 112.495170926
94 processo94 3.78424483463 101.386285394
95 processo95 5.73221081179 137.924696486
96 processo96 3.76694951772 130.846513792
97 processo97 2.36275749835 119.360477096
98 processo98 5.80438414532 153.698772775
99 processo99 3.5918713305 112.862651424
