0 processo0 3.90313574395 13.1943491092
1 processo1 3.95168527952 29.7372438385
2 processo2 2.27141780002 7.62420790199
3 processo3 2.30753743554 21.2318817978
4 processo4 2.17866298468 16.0322287258
5 processo5 5.5485970784 24.8137487825
6 processo6 0.113641807388 7.7660114487
7 processo7 2.04498938275 26.401073991
8 processo8 1.31101593759 19.8404316886
9 processo9 4.36740183098 31.3947052094
10 processo10 2.76029287287 37.5266057938
11 processo11 5.32406177905 27.5996782021
12 processo12 2.0221929913 14.9957041201
13 processo13 5.28625440995 32.9670337221
14 processo14 5.15473886676 33.4423599134
15 processo15 2.30175616919 33.2218810953
16 processo16 4.50923770227 44.5778553117
17 processo17 0.89218490794 25.4012665521
18 processo18 1.60135104924 30.4729690362
19 processo19 3.08287643011 33.4648096293
20 processo20 0.646558905878 20.9130176929
21 processo21 2.18140184415 40.712733941
22 processo22 4.05704160967 28.6941972209
23 processo23 2.977423769 48.1497639318
24 processo24 2.35152023454 29.3975260836
25 processo25 1.38755813875 37.324271181
26 processo26 4.05221322461 35.0569332289
27 processo27 0.237067583217 28.1339593779
28 processo28 2.4700194939 37.7787458068
29 processo29 4.80965745747 66.6516929301
30 processo30 3.10805843679 34.0012890344
31 processo31 4.78329218579 77.776892578
32 processo32 0.95497765321 34.325001195
33 processo33 1.20648304056 42.5105309525
34 processo34 5.88027490792 91.1166497253
35 processo35 0.750556359815 38.5682035273
36 processo36 1.77651874852 38.3660128419
37 processo37 5.18100442517 80.454928196
38 processo38 5.97290778364 98.5924972618
39 processo39 5.66659418588 54.2711336373
40 processo40 5.53754754519 71.8812326548
41 processo41 5.7010081352 62.0911317472
42 processo42 5.18014284717 91.872701083
43 processo43 5.15648343186 53.8718650242
44 processo44 5.86044677917 75.9433930375
45 processo45 5.15147746113 69.5107157436
46 processo46 3.80335499638 59.1835376077
47 processo47 5.05832804995 57.7468381917
48 processo48 3.30575537767 52.7780257858
49 processo49 5.85005737629 105.974512145
50 processo50 4.90277531243 84.4684796393
51 processo51 2.93930633896 75.1733000258
52 processo52 3.12637764021 58.5511625237
53 processo53 3.02712702161 71.5351373759
54 processo54 2.0931540734 64.4262211042
55 processo55 1.62103129579 67.3573650015
56 processo56 0.0398992650382 56.2609510908
57 processo57 3.70468020587 65.8991227804
58 processo58 2.86429656037 79.8652036109
59 processo59 2.73943060672 80.1562010012
60 processo60 1.43911698466 73.8657068563
61 processo61 1.30842463992 74.2490610096
62 processo62 0.614247768708 64.3942508182
63 processo63 4.19295634634 92.7007301381
64 processo64 1.72372635685 70.9142701086
65 processo65 0.161713858888 66.9701237629
66 processo66 3.28970442601 85.0105850245
67 processo67 4.13853088728 102.944160507
68 processo68 5.18068146727 119.383743537
69 processo69 2.89254576748 97.9449793602
70 processo70 2.60416732435 81.479279636
71 processo71 4.10769988391 110.688961817
72 processo72 5.79135417918 93.8596906235
73 processo73 2.9593232539 102.32597456
74 processo74 2.80589992759 97.3433741267
75 processo75 4.40754180819 119.92623593
76 processo76 5.89627322997 135.19765824
77 processo77 0.899716849684 79.9814077336
78 processo78 4.03948038795 109.38719802
79 processo79 4.43098599823 116.374450472
80 processo80 1.41947440161 89.9918158202
81 processo81 0.977578621145 88.058641048
82 processo82 2.97055506321 106.085600034
83 processo83 5.18200578117 119.961615747
84 processo84 0.787265852243 86.7318849401
85 processo85 2.62591735332 104.23079672
86 processo86 4.45079309171 98.2112486411
87 processo87 4.03353569662 101.70160725
88 processo88 5.72113901275 114.211111685
89 processo89 2.37567588275 107.009290303
90 processo90 0.835075828778 93.1661176018
91 processo91 2.29939019437 113.787956074
92 processo92 2.84769015836 104.402313469
93 processo93 1.72854608461 102.249993556
94 processo94 5.23678274361 134.150245028
95 processo95 3.47689320256 120.952914436
96 processo96 3.80924970565 114.635712229
97 processo97 2.71550577372 104.264255119
98 processo98 4.9834474598 113.132496591
99 processo99 3.49719827016 117.436285703
