0 processo0 0.879002135569 9.42440608513
1 processo1 2.46234475799 22.8117334327
2 processo2 5.94294207288 33.7998096651
3 processo3 2.59018140481 11.4795143732
4 processo4 1.68886466282 20.9848528296
5 processo5 3.1227474675 25.7991106741
6 processo6 2.41911454535 31.0990280903
7 processo7 3.04704250893 32.9349993554
8 processo8 3.36480157169 31.6439930341
9 processo9 2.81090822783 32.0711574536
10 processo10 0.160565166439 11.7362452699
11 processo11 2.61597460715 20.0565318588
12 processo12 2.23568604407 21.264235515
13 processo13 2.30984489031 33.2713270634
14 processo14 4.71106732209 60.9791833469
15 processo15 1.37567786531 26.807589233
16 processo16 3.40488835318 23.3977457355
17 processo17 1.17549822904 18.9638522728
18 processo18 0.694333809419 22.9971131247
19 processo19 3.17687238577 24.9481738931
20 processo20 1.1688685969 29.0195425059
21 processo21 1.83857978014 25.3599538466
22 processo22 2.44826465615 24.8065349563
23 processo23 1.69686430912 40.6522864693
24 processo24 2.73746095697 33.2914979012
25 processo25 1.73355958036 39.838466042
26 processo26 5.92039193489 60.1693267789
27 processo27 4.80019801389 67.4139415981
28 processo28 3.83291963509 60.1671768762
29 processo29 3.36958115106 33.034159247
30 processo30 2.48686748138 51.4800389491
31 processo31 0.591838797295 32.9668407564
32 processo32 1.48441945417 33.7325807164
33 processo33 4.74830871004 65.0314535274
34 processo34 2.67359964635 58.5808158353
35 processo35 3.69491020546 72.5672141475
36 processo36 4.33039276354 72.3164506655
37 processo37 0.361935922925 38.2236898877
38 processo38 3.78099102554 63.3226502381
39 processo39 4.88641567249 52.6048020323
40 processo40 4.17905866493 69.8129394843
41 processo41 1.98479156147 57.4095938533
42 processo42 4.90773876982 67.319799674
43 processo43 1.87662550599 46.6167789045
44 processo44 0.12615397134 45.2668236892
45 processo45 4.70104078805 66.8511442537
46 processo46 1.74607059156 48.2279760623
47 processo47 0.435652264804 49.3120759918
48 processo48 3.50904997426 71.118083369
49 processo49 5.90221029565 68.8357532652
50 processo50 5.18688313417 97.2838393762
51 processo51 4.69422515245 65.3256770382
52 processo52 4.69974425027 93.2246374099
53 processo53 4.04864549971 57.6907756158
54 processo54 3.79554388835 71.5785683739
55 processo55 3.22789520041 62.7500882164
56 processo56 1.32820625802 64.2890425615
57 processo57 1.19339471337 69.0662501594
58 processo58 1.40970048666 65.4698356548
59 processo59 0.866489196407 62.544429725
60 processo60 3.38897528993 76.7069517715
61 processo61 0.136788269982 62.4103797599
62 processo62 1.81282303931 75.8550191007
63 processo63 0.580803151381 65.8049012419
64 processo64 3.62259919478 80.4722062042
65 processo65 2.91823592071 84.2015266226
66 processo66 5.77374303241 83.3984535085
67 processo67 4.57328485851 73.2376181269
68 processo68 4.00783426836 100.320515081
69 processo69 4.43371955769 108.602621121
70 processo70 0.0811571662369 71.530197741
71 processo71 4.20513522646 109.202429455
72 processo72 5.79277586125 79.2142950236
73 processo73 2.83024352092 94.3703342798
74 processo74 4.93396216307 88.7609104486
75 processo75 1.29368932402 80.4591218376
76 processo76 3.02326390555 87.5546995989
77 processo77 2.9693374178 96.3118459699
78 processo78 4.93846290018 86.5452352006
79 processo79 0.878908455192 88.5120261959
80 processo80 4.39941342222 118.396816281
81 processo81 3.63611031038 99.0723834629
82 processo82 4.57518516249 126.019312288
83 processo83 5.77803237296 125.150711245
84 processo84 3.58071249544 120.491197048
85 processo85 5.14384085066 134.447872716
86 processo86 3.03935325492 102.167587318
87 processo87 3.23144410417 95.11758409
88 processo88 2.10051133619 91.7519140557
89 processo89 3.3323913975 105.180762021
90 processo90 3.63158747184 113.760235483
91 processo91 2.26781858935 114.338976565
92 processo92 1.02942484607 102.864665269
93 processo93 0.142348373794 94.4448216125
94 processo94 5.53756821762 126.436527901
95 processo95 3.91974536172 132.803335526
96 processo96 0.949346017888 101.547373684
97 processo97 2.85576492707 106.113358143
98 processo98 3.19418257141 103.508260265
99 processo99 5.4518215133 104.49380953
