0 processo0 0.344709766939 0.849701701967
1 processo1 0.870768981051 3.31998117768
2 processo2 0.559966831734 5.52724658857
3 processo3 2.16550844069 15.9407137775
4 processo4 5.33836088458 29.9019484382
5 processo5 4.72149054111 37.2492439278
6 processo6 4.30128169301 10.6211424761
7 processo7 0.319510864393 10.3718347979
8 processo8 4.86875283526 17.6653936834
9 processo9 3.07802041539 22.5097793128
10 processo10 2.30469882027 18.9607513494
11 processo11 0.628926145931 12.4053877198
12 processo12 3.473490106 16.7435870189
13 processo13 3.52166380487 19.0676410053
14 processo14 0.417151319744 16.5575840062
15 processo15 4.88744525897 35.182409219
16 processo16 5.18222380546 31.6149596007
17 processo17 3.77724926719 40.5546945385
18 processo18 0.312107951657 19.2780675011
19 processo19 1.78717600598 32.2933726658
20 processo20 1.21528160238 23.5541614894
21 processo21 4.84803622718 54.0237014999
22 processo22 0.322830623031 26.0066081124
23 processo23 2.85165829125 27.4762794448
24 processo24 4.43791180132 65.9346366683
25 processo25 4.38676468487 37.4405974225
26 processo26 0.282497141568 29.6969895713
27 processo27 1.35674614351 33.7842127875
28 processo28 1.48691364859 38.2587217404
29 processo29 0.8747005498 38.0356532546
30 processo30 0.489728745734 32.2897198275
31 processo31 3.94507534734 39.8520814521
32 processo32 1.81006702693 45.5219793277
33 processo33 2.84516676037 62.080574283
34 processo34 3.61286306879 58.4678068423
35 processo35 4.01537317621 64.2598934882
36 processo36 4.29206573942 70.0904414987
37 processo37 2.60607948382 43.1001712129
38 processo38 2.49618240977 47.7756476247
39 processo39 2.29526310742 55.7689537954
40 processo40 1.91059122605 44.3366628833
41 processo41 2.60395446648 54.2483760584
42 processo42 2.62735912002 52.0802124872
43 processo43 5.75467371755 90.8165842999
44 processo44 2.00795952163 47.9595232676
45 processo45 1.64246299711 52.2260444916
46 processo46 0.523392108383 51.1761164263
47 processo47 0.102600610568 47.605639587
48 processo48 5.72620701827 97.1223299519
49 processo49 3.47830102369 75.8551944122
50 processo50 3.009609103 65.8431435865
51 processo51 3.27622512046 75.5097934744
52 processo52 0.927096943889 56.7143676452
53 processo53 5.23284853508 95.0958468227
54 processo54 2.13063058066 69.8267736757
55 processo55 1.18220213021 66.624240998
56 processo56 1.94561051753 58.8579333196
57 processo57 3.63881844541 91.2434754635
58 processo58 0.808049691371 66.6744094351
59 processo59 1.82001049278 76.4467831383
60 processo60 2.30050237542 75.9918083634
61 processo61 4.87674648765 96.3871663306
62 processo62 5.77240955227 70.7028937393
63 processo63 2.02260828617 81.1421091029
64 processo64 5.85597976289 119.675100127
65 processo65 4.09279686879 86.0075822269
66 processo66 3.35609011272 100.54040423
67 processo67 2.37426678362 70.0923243105
68 processo68 0.948800562747 77.0813128883
69 processo69 4.6885331578 83.1291016182
70 processo70 1.37902892901 79.1303057507
71 processo71 3.44208488834 80.6823749835
72 processo72 4.6616945845 100.24685444
73 processo73 3.7475375128 96.8790878306
74 processo74 1.83268013598 84.5701257648
75 processo75 5.52225168082 109.431449684
76 processo76 1.51548393477 87.5741680174
77 processo77 0.942433511659 83.5614009345
78 processo78 0.937316809552 86.4015008113
79 processo79 2.56427157531 85.2241603408
80 processo80 5.33218286563 117.223694831
81 processo81 3.25661403848 108.857679951
82 processo82 0.0418055946777 82.7726658808
83 processo83 3.92877150567 93.9343407626
84 processo84 5.94591300843 115.887027978
85 processo85 1.24011740622 92.1801834559
86 processo86 0.38237356183 87.2477377694
87 processo87 2.90159991336 112.289347085
88 processo88 0.832053616954 95.9306542066
89 processo89 5.70883843842 102.89716817
90 processo90 3.35951910804 112.674129284
91 processo91 2.82852336943 116.416889646
92 processo92 4.48202131602 119.610432959
93 processo93 0.675565294168 94.6572448146
94 processo94 5.69698162945 150.51499591
95 processo95 5.52265596677 113.958779423
96 processo96 3.60214749828 109.818598306
97 processo97 1.63618431706 98.753241719
98 processo98 2.74242223613 125.062942572
99 processo99 4.94792053412 125.959791873
