0 processo0 5.60820097113 50.7313058919
1 processo1 4.29128491251 18.9900950697
2 processo2 1.07761517388 13.4273511214
3 processo3 1.95043769781 5.32225626134
4 processo4 2.54674186591 8.72514874345
5 processo5 3.09695259255 26.0420751965
6 processo6 0.60978379532 10.7222496549
7 processo7 3.73631553924 10.9918457495
8 processo8 5.9866925375 31.0742797842
9 processo9 5.81016226817 46.5340809805
10 processo10 4.5442329696 51.3777926007
11 processo11 0.0103436824472 11.6030358528
12 processo12 1.36651975376 21.7267644155
13 processo13 3.40643492045 40.1526767061
14 processo14 0.286437724464 17.5275902278
15 processo15 1.61786010202 24.3931640646
16 processo16 5.93794278251 46.7484385351
17 processo17 1.94841637368 36.0583089501
18 processo18 4.92717507897 25.7588591352
19 processo19 2.44373029665 38.7620140099
20 processo20 1.57320814449 30.5628959912
21 processo21 2.59343228101 46.0983979348
22 processo22 5.2285591626 29.4429649148
23 processo23 4.31918142415 50.1450148335
24 processo24 5.72091876376 34.8700804178
25 processo25 3.30029371424 33.9431282245
26 processo26 1.8119154461 36.4692187764
27 processo27 0.0295023569043 28.1167253065
28 processo28 5.20015188211 34.1412268142
29 processo29 5.84149390737 37.4657723356
30 processo30 1.34651233806 34.216740353
31 processo31 4.49834877498 69.9670033644
32 processo32 1.14298836989 43.2431713785
33 processo33 2.55667763958 45.3755371432
34 processo34 3.202054388 42.2718898648
35 processo35 1.9858690821 50.634771512
36 processo36 4.30067077083 42.2608742412
37 processo37 5.86188831934 82.2863969349
38 processo38 0.011635783993 38.0493200963
39 processo39 3.45053794687 65.7487178791
40 processo40 1.33960560557 50.7653124054
41 processo41 1.56753956104 43.4590102411
42 processo42 0.0459094076422 42.1279021255
43 processo43 0.689925456671 48.2960459968
44 processo44 4.27941142447 56.1617272489
45 processo45 0.747269469824 49.5236833933
46 processo46 2.92511302981 69.8929212175
47 processo47 3.34689511521 66.1060586235
48 processo48 5.92637446086 94.7909453722
49 processo49 1.61974151148 64.265791033
50 processo50 4.72925734221 68.7055033618
51 processo51 1.26382181469 57.3294737102
52 processo52 2.30606030058 55.4246394057
53 processo53 0.183997679283 53.9529794083
54 processo54 4.56023285168 60.3319648614
55 processo55 4.62504307708 78.1013265434
56 processo56 1.75158479745 64.3509060986
57 processo57 3.52140381727 89.2598522812
58 processo58 2.97663771703 72.8023815213
59 processo59 5.01574288822 97.6575166839
60 processo60 1.02159916851 66.5834320164
61 processo61 0.58047280319 62.4262383218
62 processo62 3.40680700895 65.4093527524
63 processo63 3.62950130119 90.01318035
64 processo64 3.21672762483 67.9636032014
65 processo65 0.274973953222 66.3591589931
66 processo66 2.85289989587 88.5650319405
67 processo67 1.73823165643 82.9727097461
68 processo68 3.20423483225 83.4631350186
69 processo69 3.39566894233 102.712331412
70 processo70 5.74457810705 94.3678173449
71 processo71 3.42150518408 81.2698003786
72 processo72 4.19820439693 85.8250111542
73 processo73 1.578829491 89.7778503476
74 processo74 2.20467171217 80.7184718112
75 processo75 5.31227610526 106.947941279
76 processo76 4.10121431007 94.6012768243
77 processo77 3.67897779457 81.7119141369
78 processo78 1.50251787742 83.0685118881
79 processo79 0.488949800909 79.9154208967
80 processo80 2.63674748693 100.927685396
81 processo81 3.0915195577 90.5992874818
82 processo82 0.963393181868 91.5084332862
83 processo83 4.25536635494 108.893120238
84 processo84 0.102686230879 84.76969807
85 processo85 2.99902793429 93.7904526949
86 processo86 5.13424040305 130.731180878
87 processo87 1.15147761418 89.3013399407
88 processo88 0.24822433606 88.5389573628
89 processo89 3.36296946678 123.470256936
90 processo90 4.33112653332 109.771048646
91 processo91 0.275535788489 93.1577835703
92 processo92 0.813878969021 98.1375861508
93 processo93 2.06964751215 100.036005357
94 processo94 4.06134229071 113.609832677
95 processo95 2.67503601333 102.211684198
96 processo96 0.329207152334 99.2922843091
97 processo97 2.12653949803 111.922904637
98 processo98 1.03386413918 100.605734926
99 processo99 5.87691668533 134.245929016
