0 processo0 1.2461309712 6.94521012264
1 processo1 2.42873399255 14.323448238
2 processo2 3.57951247765 35.8520468689
3 processo3 1.20461401239 12.0120599675
4 processo4 2.88456710105 22.8150451308
5 processo5 0.754074497746 10.6741652431
6 processo6 4.26761730515 41.4628974245
7 processo7 0.851617705732 13.2963475874
8 processo8 5.38753201562 40.8374694015
9 processo9 4.7105366026 21.8234055283
10 processo10 4.31924115648 18.5667385314
11 processo11 5.94667367726 56.9817505544
12 processo12 2.371161655 15.3373579981
13 processo13 0.54397185624 16.1963118125
14 processo14 2.90602323028 41.8654626592
15 processo15 0.0677232626372 15.4333414556
16 processo16 4.94677809974 40.8812356089
17 processo17 2.54271881782 36.6427600624
18 processo18 2.13660454161 31.007292443
19 processo19 3.94677157675 28.5252578695
20 processo20 5.21077857965 36.9453306294
21 processo21 0.135976082137 21.6669147846
22 processo22 1.45932625712 28.7044228292
23 processo23 1.4067573324 36.084590965
24 processo24 5.75010805351 45.5887885491
25 processo25 2.14528453707 30.8812060444
26 processo26 5.06884065571 74.6707862587
27 processo27 0.167528124134 27.7107896647
28 processo28 4.24823390177 64.0990126956
29 processo29 0.637823122751 35.3298222936
30 processo30 5.68989313623 54.2208227803
31 processo31 3.56363220751 59.3229083085
32 processo32 2.56285381765 58.5301637985
33 processo33 2.83959763401 58.8944278722
34 processo34 1.563162211 41.7039123884
35 processo35 0.984917393848 41.24858616
36 processo36 5.68508360508 52.4633686896
37 processo37 0.205604829076 38.6997441112
38 processo38 3.00392855926 63.5040657855
39 processo39 3.86865133867 54.1637975439
40 processo40 4.84937399817 47.5661622257
41 processo41 3.99513441224 70.8816462984
42 processo42 3.67946272617 68.6252997712
43 processo43 0.967074941862 50.2710223471
44 processo44 5.78588749307 65.6692678606
45 processo45 4.77845140335 92.8820522344
46 processo46 4.9859405046 91.5219800499
47 processo47 1.89653118336 50.8683849415
48 processo48 2.08628311289 57.8331446977
49 processo49 4.49832371461 56.28807857
50 processo50 1.63074171245 59.3646890208
51 processo51 2.49650861866 59.4318331881
52 processo52 4.15561163124 72.9548018577
53 processo53 1.82584875032 68.7578352132
54 processo54 0.00733098352451 54.2978650141
55 processo55 2.57164381507 77.8827218108
56 processo56 5.15468724338 73.1700571425
57 processo57 3.69287422494 82.5133410658
58 processo58 0.702471466864 60.4148469038
59 processo59 5.42009111831 94.2472846575
60 processo60 3.25456253635 71.2634328065
61 processo61 0.887213173568 66.2705638678
62 processo62 3.31705892914 84.2088286215
63 processo63 5.35965149123 85.8723247751
64 processo64 0.810323235099 71.5998055731
65 processo65 1.60693741777 71.3383512623
66 processo66 1.90798744541 78.8554927194
67 processo67 0.562685529408 71.4781970894
68 processo68 5.17685166652 119.314690592
69 processo69 0.840184095579 76.4130597916
70 processo70 2.24149454186 84.7420407811
71 processo71 1.40460773508 83.5522738742
72 processo72 1.25841734243 85.0621654852
73 processo73 1.44239458919 88.3109089908
74 processo74 0.984113060992 76.5441896813
75 processo75 0.996595651112 78.7458759131
76 processo76 4.77898963295 83.1686959355
77 processo77 3.78619196382 89.755671305
78 processo78 4.0604757127 115.577479841
79 processo79 4.67578815099 96.1559908911
80 processo80 4.28009445982 97.8435050613
81 processo81 3.4825337212 100.129034451
82 processo82 0.462192321138 84.7790948481
83 processo83 0.409558752554 87.284354919
84 processo84 2.72325264138 109.931538732
85 processo85 4.48976287278 126.863024769
86 processo86 4.96787079674 133.577386629
87 processo87 3.04627078204 97.0091263167
88 processo88 3.06874606587 108.928081079
89 processo89 2.72807439225 97.3055827474
90 processo90 1.72009022162 96.6875760109
91 processo91 4.2813193195 111.869192528
92 processo92 1.44629752438 102.628558606
93 processo93 1.76291555819 110.902579481
94 processo94 4.49699837843 118.340766269
95 processo95 0.524568980917 96.3455240477
96 processo96 5.43993979902 111.00432884
97 processo97 5.29150904455 138.703886628
98 processo98 5.9745890485 142.570221173
99 processo99 3.12661470291 123.555111294
