0 processo0 3.15889862814 18.9574605901
1 processo1 3.49640803327 7.73455962213
2 processo2 2.16781625068 24.4152606286
3 processo3 2.15656384199 18.4668301366
4 processo4 5.40425553386 56.761712953
5 processo5 3.59945350091 20.5381500962
6 processo6 5.06545060516 40.8448594728
7 processo7 4.6088440637 16.3213562613
8 processo8 3.58937426911 40.2477510435
9 processo9 1.13262337518 20.3515180379
10 processo10 4.19320184422 31.1703016074
11 processo11 1.49312834758 21.4216990423
12 processo12 2.86527811534 33.5733256085
13 processo13 4.65713651927 49.7892719274
14 processo14 3.12370405342 18.0560687991
15 processo15 1.29025584409 18.6581527924
16 processo16 5.84155105765 72.7828769516
17 processo17 1.85662344497 34.8268587285
18 processo18 4.45303326756 38.9361966657
19 processo19 4.5377664232 49.0452591059
20 processo20 5.97929109192 55.4736029336
21 processo21 1.21024475754 24.0364332499
22 processo22 4.57277266763 47.3461445197
23 processo23 0.985972103838 33.5108825644
24 processo24 4.54370110931 35.2803880577
25 processo25 5.66536617194 56.2233897295
26 processo26 1.17752007908 33.7810639692
27 processo27 2.3870667387 45.3704103538
28 processo28 4.11278819358 68.5539654213
29 processo29 1.35694714933 34.8866582621
30 processo30 5.181055476 72.2876729305
31 processo31 4.3508523247 61.7966266058
32 processo32 3.02114887017 50.6924663156
33 processo33 4.99982147446 69.1297549129
34 processo34 4.04901943157 39.0016597474
35 processo35 1.93357028222 40.9835358082
36 processo36 5.28274643824 66.8505385653
37 processo37 1.5336942788 47.487873767
38 processo38 2.33020574539 61.7505006018
39 processo39 1.32373858428 50.7391096063
40 processo40 4.68195587707 53.8972003392
41 processo41 2.04000896684 58.4126701977
42 processo42 0.561832156015 48.6023821497
43 processo43 0.148477989046 44.8375307354
44 processo44 1.65732046426 53.6192203762
45 processo45 1.62378642365 61.0878818595
46 processo46 2.2009735342 55.7170198054
47 processo47 3.27229126512 71.9942692022
48 processo48 2.1663844497 50.3347427367
49 processo49 2.11243277148 52.8798103705
50 processo50 5.9212195701 75.3951362249
51 processo51 4.79481564854 56.2592767262
52 processo52 3.55416789809 82.5874889602
53 processo53 0.809776667934 57.5241579248
54 processo54 4.64840339804 97.140879266
55 processo55 4.30414363685 77.6541638801
56 processo56 4.66282016983 102.83624137
57 processo57 0.390992151147 60.8666587018
58 processo58 1.4565083398 61.4851492407
59 processo59 3.58584547243 86.2684808303
60 processo60 3.75635068051 71.4957039127
61 processo61 2.0278734043 71.4797253104
62 processo62 0.753931310165 67.8411078212
63 processo63 4.18656307737 92.5813038359
64 processo64 4.31101499474 105.564464687
65 processo65 2.19377612517 87.6920786205
66 processo66 2.93882200059 90.8667169347
67 processo67 3.68542772949 78.3584059927
68 processo68 3.08931595002 99.4879050224
69 processo69 4.53398107588 106.920361594
70 processo70 3.79423798654 78.2099050403
71 processo71 0.0264943698575 71.1191250739
72 processo72 1.07414351252 78.9604608401
73 processo73 2.19874586429 91.2750892042
74 processo74 3.77537642487 94.3905933477
75 processo75 1.14022730166 77.6548683768
76 processo76 2.48665093762 99.8456887196
77 processo77 4.84692199052 103.339637862
78 processo78 2.33643671552 83.4253248697
79 processo79 1.26996612235 89.4172555234
80 processo80 0.223688123661 82.7980301987
81 processo81 2.82313847125 101.35834638
82 processo82 4.71267114397 105.276376913
83 processo83 0.208975026459 84.7305210064
84 processo84 5.53099051907 133.152074405
85 processo85 4.56046967279 105.489503801
86 processo86 3.64048145106 122.689956685
87 processo87 1.04890858017 92.8988221259
88 processo88 5.76983443095 116.937142194
89 processo89 3.39917285655 92.740615134
90 processo90 3.81190651954 114.346402509
91 processo91 4.45903760029 98.7068552952
92 processo92 0.928814365346 100.8378418
93 processo93 3.76824003288 107.266314122
94 processo94 1.52884580562 97.9192248194
95 processo95 0.962398362431 103.970998097
96 processo96 3.46472753287 110.155747545
97 processo97 5.62432123671 115.794547961
98 processo98 0.177891763548 99.8562820592
99 processo99 4.04552463509 122.996068792
