0 processo0 4.54891009657 44.6407597883
1 processo1 4.82949457102 17.3986902008
2 processo2 4.010308504 23.3489731601
3 processo3 5.02773662041 30.4491206948
4 processo4 5.81889410348 11.3080121728
5 processo5 5.0764758294 54.8322488627
6 processo6 1.3215759997 14.5048005517
7 processo7 2.73524863829 32.9306473927
8 processo8 1.12737798947 14.2788727842
9 processo9 1.21051804465 21.512094491
10 processo10 3.88132479286 45.8410462878
11 processo11 4.13260140216 35.3334407345
12 processo12 1.60242798922 15.2167430955
13 processo13 4.02903349922 32.6854685149
14 processo14 4.917301472 38.2435769616
15 processo15 4.34648596304 54.7085900541
16 processo16 2.7711102662 31.1254514384
17 processo17 4.88649412042 25.2806360857
18 processo18 4.12195725772 22.964025905
19 processo19 2.91992888644 41.5573662772
20 processo20 2.4364749194 28.4020704281
21 processo21 2.73885243633 44.9654814994
22 processo22 5.38628952892 37.2842792429
23 processo23 2.05631506692 37.4635170468
24 processo24 1.01770906547 32.5741214468
25 processo25 2.06523380083 45.8849599916
26 processo26 4.11651446646 32.920567147
27 processo27 1.40160797156 32.7084164585
28 processo28 2.31957968888 44.1421009902
29 processo29 2.31987776975 51.5137402956
30 processo30 4.31045856381 42.9215387991
31 processo31 2.0547550339 43.7654553848
32 processo32 3.05712395194 60.2574623311
33 processo33 0.103393934656 34.8756792123
34 processo34 3.96673990739 62.5558651363
35 processo35 4.19252033079 68.593465765
36 processo36 4.55160146471 77.6510144864
37 processo37 0.00819781067682 37.1853918506
38 processo38 5.14949677693 65.2383541315
39 processo39 2.83289615427 60.0533737407
40 processo40 1.32576849707 47.8545771221
41 processo41 3.61366764962 77.6325447855
42 processo42 3.40926323603 57.3236597178
43 processo43 4.83925429142 67.116683295
44 processo44 2.54718427598 47.8373970475
45 processo45 0.271981125402 47.4161291
46 processo46 1.31656618294 59.4081263002
47 processo47 2.90672723555 76.7907415702
48 processo48 2.23433330522 64.7351819287
49 processo49 5.60426209649 105.699528915
50 processo50 0.773644938627 56.7485536278
51 processo51 2.89774352069 67.3391739842
52 processo52 5.78540712749 81.8619467602
53 processo53 1.5690231069 57.0170892148
54 processo54 1.55148513514 58.6561246767
55 processo55 3.00753217765 65.2018320474
56 processo56 5.29890611463 98.8257229608
57 processo57 1.21934921182 64.425908671
58 processo58 5.96168310884 78.1898196216
59 processo59 5.16192375707 105.648131488
60 processo60 4.87226478439 79.5564501174
61 processo61 5.750663174 87.8057038352
62 processo62 0.870037603782 69.4626154577
63 processo63 0.829638056078 69.1359317885
64 processo64 1.23227377932 77.3082632593
65 processo65 0.455868021249 65.5937054538
66 processo66 4.88317817764 76.2337040964
67 processo67 2.74231599624 91.8580476408
68 processo68 4.28457869584 99.0177851506
69 processo69 2.92696711025 88.6812387724
70 processo70 1.19804329683 72.82094065
71 processo71 2.67568625068 84.5990805293
72 processo72 2.06192150534 74.6898541948
73 processo73 3.37847726814 78.2948287013
74 processo74 0.562843959584 79.8633556688
75 processo75 1.00097848605 76.3706599985
76 processo76 0.525961791663 77.2863200626
77 processo77 2.97574701873 99.2807455484
78 processo78 4.48651954768 98.0444781462
79 processo79 4.93339021498 107.379898351
80 processo80 2.98510665534 100.382748874
81 processo81 5.03319133194 130.503580456
82 processo82 1.04990408494 85.8931666246
83 processo83 5.53249875204 113.457007531
84 processo84 4.76200913113 103.251393002
85 processo85 3.86662561602 110.410126488
86 processo86 1.82955088302 93.1492253745
87 processo87 5.95905531079 123.754449851
88 processo88 0.304138410299 88.8840250352
89 processo89 2.69075288992 107.721744948
90 processo90 5.55694150941 120.233607387
91 processo91 3.54711123503 125.366755586
92 processo92 5.03487786373 132.191058342
93 processo93 0.539068951508 98.3124951819
94 processo94 1.30135113379 97.5032370894
95 processo95 0.924691714928 98.9243050471
96 processo96 5.03593885425 147.253039219
97 processo97 5.09782065681 134.35631033
98 processo98 5.94971193573 135.969041692
99 processo99 4.97306819529 140.355560951
