0 processo0 4.47813800297 11.7356898299
1 processo1 4.01644667609 26.1017444739
2 processo2 3.57196503324 11.1011225841
3 processo3 2.442987186 8.75147110685
4 processo4 0.148357347418 5.67373876644
5 processo5 1.05082282567 13.1557472351
6 processo6 5.69357612315 32.6132338711
7 processo7 5.05345767326 24.8439041909
8 processo8 1.94669187327 19.8797890977
9 processo9 0.808150665718 15.1540037001
10 processo10 2.49139821687 20.6641793773
11 processo11 3.78535947717 49.8237379434
12 processo12 4.94315049544 28.6344417162
13 processo13 2.28865114031 15.3185102585
14 processo14 2.01937110977 28.4957068213
15 processo15 0.804877381591 21.3631994129
16 processo16 0.900759111378 21.2860038286
17 processo17 2.13120458466 37.8397483046
18 processo18 0.0550516415501 18.5696898065
19 processo19 3.74140484152 49.6526975786
20 processo20 2.74571932092 48.3020725514
21 processo21 1.38231712898 28.2830303709
22 processo22 0.0543391784694 22.4139473129
23 processo23 2.40828466827 38.4532227982
24 processo24 1.4217487215 28.1026051659
25 processo25 0.306506215746 27.7619427957
26 processo26 5.19677144791 45.4592398571
27 processo27 5.857157109 36.6072235859
28 processo28 0.452961577193 33.2178382183
29 processo29 1.99125231934 33.2130702296
30 processo30 0.163469962712 31.9468094689
31 processo31 0.382419189881 32.157044984
32 processo32 0.226438831686 33.2863108091
33 processo33 2.94115396943 49.5642928334
34 processo34 4.70372569526 71.9766946358
35 processo35 5.90993673603 58.732044833
36 processo36 1.64535411771 49.2928723282
37 processo37 3.55732883353 64.4049071184
38 processo38 2.78128966886 58.2096935518
39 processo39 2.73250971127 53.1592833546
40 processo40 5.06960831347 58.3616553981
41 processo41 2.85620667833 65.3231608542
42 processo42 5.30338264917 88.0966928088
43 processo43 0.609789483504 48.3383220699
44 processo44 1.06268512723 46.4244100612
45 processo45 3.13264162938 76.3346170874
46 processo46 2.51259392843 53.5361152787
47 processo47 4.15238042637 67.5240123296
48 processo48 0.728475239135 49.2346220564
49 processo49 2.864924541 61.3394927463
50 processo50 0.924716857063 52.987254547
51 processo51 4.42657511454 58.4864621163
52 processo52 4.22807153883 60.0724690418
53 processo53 3.72058935743 59.4335854244
54 processo54 1.83652480559 62.9660347067
55 processo55 0.853196194431 62.9493295834
56 processo56 4.64118982797 67.7583685493
57 processo57 0.338913018496 58.1126323692
58 processo58 3.88532384062 95.7833336632
59 processo59 5.22551502906 81.0436367808
60 processo60 0.814764307954 65.8659279737
61 processo61 3.25861992901 93.6979286359
62 processo62 4.33951710599 101.594501644
63 processo63 2.89465686431 73.8371020512
64 processo64 2.11734044811 81.6589510702
65 processo65 0.510370214596 69.1831839159
66 processo66 3.72028073269 75.0381525675
67 processo67 0.909789180268 74.6472194262
68 processo68 5.67284260384 100.649635227
69 processo69 5.98821275921 122.22472531
70 processo70 1.51938633939 84.2300333799
71 processo71 5.41113365673 94.1899809926
72 processo72 3.06228452661 100.192332637
73 processo73 0.108871785502 73.1532662103
74 processo74 1.67135043448 79.8699160246
75 processo75 1.44356480979 76.6670816682
76 processo76 4.39083915063 102.938212751
77 processo77 1.83892183621 89.0167934641
78 processo78 0.855901132783 80.1939694663
79 processo79 0.775355397311 85.3005258487
80 processo80 0.629534826107 83.645037692
81 processo81 3.64269182979 103.79638415
82 processo82 0.556075627678 83.5901972339
83 processo83 3.04290886711 88.9285141378
84 processo84 3.96762921147 109.587153012
85 processo85 4.45590862515 125.156852595
86 processo86 0.44706995092 87.5979116421
87 processo87 5.60900730135 129.247002114
88 processo88 4.01885193392 98.3683049173
89 processo89 5.92473471164 120.53822421
90 processo90 5.09353717465 132.681813205
91 processo91 2.84966083943 100.399586968
92 processo92 1.26807317293 104.407441928
93 processo93 2.3311443999 96.7849344836
94 processo94 4.25911623595 124.567814679
95 processo95 2.37425212444 105.882175468
96 processo96 5.89952850305 134.056529333
97 processo97 1.41542607043 110.712054615
98 processo98 0.0699202733003 98.4974500046
99 processo99 4.58778312001 108.715066842
