0 processo0 4.59666802195 37.3659103275
1 processo1 3.67156944888 30.8987596865
2 processo2 2.3457622947 16.9411526274
3 processo3 2.45500675145 6.01327650679
4 processo4 1.63611647142 5.82601570882
5 processo5 3.71263457932 30.2824738533
6 processo6 3.50005099445 18.7593726608
7 processo7 0.0228720426752 7.12815015365
8 processo8 2.69437848495 21.1839438404
9 processo9 5.36074409432 26.6224794797
10 processo10 0.6281285146 11.7435029086
11 processo11 3.70697281837 28.2723806815
12 processo12 1.71669526121 20.900393375
13 processo13 4.61835617906 32.4738900094
14 processo14 3.94271308675 49.3609658317
15 processo15 3.49288692802 49.6230962788
16 processo16 5.39704252918 67.4626393285
17 processo17 1.11555642247 21.1507684286
18 processo18 1.36087423598 31.4281858773
19 processo19 4.68639050757 39.7357826405
20 processo20 2.11432378312 25.7004719493
21 processo21 2.46238307326 35.0069394383
22 processo22 5.74152714612 32.6335132235
23 processo23 4.70412870958 49.6118736401
24 processo24 0.121948554076 25.1024917435
25 processo25 5.41263196551 38.9066583212
26 processo26 2.2324694446 48.2987458302
27 processo27 5.95771198285 49.3928095995
28 processo28 1.19649690385 37.3030910238
29 processo29 0.687684780841 31.4586236836
30 processo30 0.142660531346 30.8799174639
31 processo31 4.41000902171 54.6078944793
32 processo32 5.12982691501 40.6557838885
33 processo33 5.0950466231 56.2720618328
34 processo34 0.129257918485 35.984746344
35 processo35 5.49960215263 72.4248055422
36 processo36 0.30545065107 37.9839987785
37 processo37 3.91983599086 67.2795682469
38 processo38 3.41704545382 68.9569789294
39 processo39 4.52290676588 54.7049665775
40 processo40 4.43309420748 57.7290285345
41 processo41 4.5170455755 69.9999867217
42 processo42 1.5126114607 45.8310467585
43 processo43 2.29725016337 62.3327154491
44 processo44 0.980151633952 54.2821647572
45 processo45 2.29271344918 66.8751207546
46 processo46 4.91882443708 76.7890922135
47 processo47 1.19619137283 48.6825020734
48 processo48 3.13829693155 73.5027037627
49 processo49 0.767502656418 54.2944365443
50 processo50 5.12997947142 56.4264298943
51 processo51 0.176333037261 53.2876951088
52 processo52 5.91846177421 77.9573606696
53 processo53 5.43473447875 92.2549207381
54 processo54 4.55391436876 100.355747258
55 processo55 4.25198759318 67.5031069582
56 processo56 4.67710215959 77.4954862215
57 processo57 4.47885707023 95.7166204668
58 processo58 5.94974824938 83.9369929625
59 processo59 4.31617574531 95.0879196129
60 processo60 0.0368671760562 61.1685471708
61 processo61 3.76905951461 78.8723502297
62 processo62 0.820514503116 67.4998105071
63 processo63 4.01942912793 87.498949677
64 processo64 4.80538786439 105.516939395
65 processo65 1.12502654954 70.1533775539
66 processo66 2.48772973734 86.5727070432
67 processo67 4.24620179652 79.7202599066
68 processo68 2.44038902815 73.5389865887
69 processo69 4.95451621226 114.456486129
70 processo70 5.9344501321 104.215653421
71 processo71 1.97580533572 79.9439518892
72 processo72 5.97460730549 87.526094725
73 processo73 0.173056438129 75.0128106868
74 processo74 2.91100581378 95.1445759216
75 processo75 2.96612807485 95.5829469536
76 processo76 0.528865457165 77.6282940624
77 processo77 1.14163305261 80.6573464316
78 processo78 4.47437562751 114.590215713
79 processo79 1.11996619344 88.4031514126
80 processo80 0.502308758932 85.0886905203
81 processo81 2.64150080643 107.145675048
82 processo82 1.651457849 87.64925804
83 processo83 4.93214274682 128.944876468
84 processo84 2.0650445552 103.351924822
85 processo85 3.02275781866 109.378628052
86 processo86 2.46975620344 94.2892953034
87 processo87 1.24931217956 95.9162693519
88 processo88 2.07116207606 97.0399823643
89 processo89 0.649459450907 89.6568174789
90 processo90 2.40366907124 101.273601
91 processo91 0.367828003656 92.4334525041
92 processo92 1.4527584797 94.8137231114
93 processo93 1.07679693045 100.79600502
94 processo94 4.2098121656 127.963480042
95 processo95 2.82395659298 105.561804334
96 processo96 3.92503736083 124.542523856
97 processo97 2.30418046056 102.511842895
98 processo98 1.43219392373 111.390283493
99 processo99 1.86577046869 106.210902237
