0 processo0 0.375202234306 1.84923465786
1 processo1 0.735185689122 7.46568023132
2 processo2 5.33207019639 51.2942062263
3 processo3 4.70685136818 11.3993932006
4 processo4 0.383294444575 7.47165463426
5 processo5 0.564113149842 7.38020223993
6 processo6 0.0423602312841 6.72050578991
7 processo7 2.14966795576 27.427714056
8 processo8 2.6351839169 24.8971874601
9 processo9 3.12097751606 28.5221096444
10 processo10 1.92203694096 27.7322448521
11 processo11 3.53953550929 46.2919926484
12 processo12 5.76378044539 69.8166229137
13 processo13 3.99315473666 47.002947613
14 processo14 2.08381913218 33.4271398968
15 processo15 5.94087252981 65.4817645296
16 processo16 2.74934244682 23.246379326
17 processo17 3.10068135335 30.0749086266
18 processo18 0.26629138687 21.6224758412
19 processo19 2.94655434376 45.9350312733
20 processo20 2.54313150445 37.5516554961
21 processo21 5.05342426695 71.853345593
22 processo22 3.62659976241 25.6725216874
23 processo23 5.70481960658 37.5742418539
24 processo24 2.65434742963 27.71831008
25 processo25 2.65574983152 49.7542222268
26 processo26 5.25577825713 72.8021479556
27 processo27 1.17423050329 32.5125281834
28 processo28 5.28725718646 63.5582574946
29 processo29 0.716588770368 34.4762880769
30 processo30 4.64636564949 55.4593601305
31 processo31 1.25913149882 40.7885054715
32 processo32 2.27496931506 47.3309906348
33 processo33 2.32905767588 36.3167777128
34 processo34 4.10239396342 66.8942665915
35 processo35 0.192910743258 35.2726499828
36 processo36 3.81303942856 40.9877523764
37 processo37 5.89136697741 67.3605948417
38 processo38 0.00410886202327 38.5303300756
39 processo39 4.80243129474 46.500882521
40 processo40 3.13644280556 47.6537485926
41 processo41 1.81983556168 43.6360009442
42 processo42 3.99892579873 57.7294957891
43 processo43 4.23838374778 52.35036133
44 processo44 3.50052757432 53.7017633118
45 processo45 3.242801036 71.1756612439
46 processo46 1.80322258947 51.6674426567
47 processo47 5.95478068371 89.8017948676
48 processo48 4.95941412864 64.9310612614
49 processo49 2.00428975098 58.9511768837
50 processo50 2.80989954594 57.4290273958
51 processo51 5.2398892914 93.1093496505
52 processo52 5.47425587426 79.1601681445
53 processo53 4.15967628277 88.5906328057
54 processo54 2.55828917226 71.4135098124
55 processo55 1.17650289881 64.4373711708
56 processo56 3.79761015449 60.0464036918
57 processo57 4.26623926251 66.208524253
58 processo58 1.47268557201 71.4143856883
59 processo59 0.436813153299 63.0501643908
60 processo60 2.35758726062 64.6320077548
61 processo61 3.45748750125 81.8129095697
62 processo62 5.00881822643 81.5527877849
63 processo63 1.40786021227 69.9160369328
64 processo64 3.59878786936 72.5769237742
65 processo65 5.81438360981 97.6199682415
66 processo66 2.69463156496 81.5449835392
67 processo67 1.38483211292 80.9972057394
68 processo68 2.59059426166 90.0908274028
69 processo69 3.66588939748 101.852606842
70 processo70 5.47904533545 93.8548585139
71 processo71 0.156671459517 72.444080647
72 processo72 0.708490492962 79.1702212906
73 processo73 2.79941252609 89.7944446896
74 processo74 4.45593591592 107.376235525
75 processo75 4.07601394249 99.9542615805
76 processo76 2.40250551261 96.9560312098
77 processo77 1.5463665588 92.2867777858
78 processo78 4.25982090188 116.6816787
79 processo79 0.419933645577 81.8671873804
80 processo80 3.82488239704 116.570105287
81 processo81 5.53158801504 102.800460418
82 processo82 0.532816164834 87.9011664409
83 processo83 0.0106973507894 83.4360574789
84 processo84 4.41135869905 124.726372861
85 processo85 0.325738289098 86.7358001057
86 processo86 2.69416597292 100.61565409
87 processo87 2.96213519834 96.6577334774
88 processo88 3.64504051446 107.108608651
89 processo89 3.17817483764 97.1073577496
90 processo90 4.02502178359 109.113059664
91 processo91 2.33391885379 94.0029147707
92 processo92 5.47955047965 130.491406604
93 processo93 5.04111762375 143.580416514
94 processo94 5.6790471553 102.202346568
95 processo95 0.496976534061 100.162994185
96 processo96 2.97917170963 117.795185893
97 processo97 5.66885039147 111.746847018
98 processo98 2.62262617497 119.431205498
99 processo99 1.24390133261 100.508486909
