0 processo0 3.61775275289 27.388897375
1 processo1 5.64936593133 32.7385890193
2 processo2 3.9119729118 17.8694198125
3 processo3 4.34578670842 15.9444298815
4 processo4 4.88533307292 50.1688462565
5 processo5 2.39099763488 9.10623703274
6 processo6 5.22205142479 44.1609744937
7 processo7 1.82476424915 19.0069009761
8 processo8 4.64801335956 48.7257719437
9 processo9 2.73191791517 15.2500222914
10 processo10 5.13705253833 60.8521911861
11 processo11 1.26011106024 18.1013967992
12 processo12 4.00400596051 27.3638487603
13 processo13 5.19409109802 42.8797251904
14 processo14 2.35512456473 29.8809119372
15 processo15 5.53799312304 31.6669524241
16 processo16 4.3449005402 40.0065091115
17 processo17 3.21516494701 21.2760137693
18 processo18 1.72088817906 21.1454184316
19 processo19 5.06030187887 37.6432342658
20 processo20 5.56246724721 49.6532651999
21 processo21 2.11253544714 34.5538514057
22 processo22 0.443311580912 26.3585464845
23 processo23 1.99762204687 35.3662979149
24 processo24 1.85698668621 35.3762099458
25 processo25 1.40790935845 32.0728308932
26 processo26 2.63105452064 29.2204850269
27 processo27 3.93204234927 55.7006806373
28 processo28 1.8749860555 34.8857461121
29 processo29 5.72644988368 71.6943918142
30 processo30 4.99784526234 80.9571861969
31 processo31 0.538620445993 36.7624047229
32 processo32 0.569981544475 34.3558509402
33 processo33 3.1431067441 62.4695878528
34 processo34 4.15992659535 39.3268172066
35 processo35 3.7385097699 54.7757835798
36 processo36 0.425059655365 37.4396874205
37 processo37 3.99160458782 68.4364061293
38 processo38 1.15002675503 40.9322681972
39 processo39 3.66134600861 44.5654782021
40 processo40 3.48992248626 48.9209309811
41 processo41 1.8284618388 57.6428993842
42 processo42 1.20798076192 50.977067906
43 processo43 2.84382259418 69.3644689241
44 processo44 3.84538239556 73.1136489472
45 processo45 0.495790799733 48.895745854
46 processo46 3.41530931713 51.2851717721
47 processo47 0.919888529688 57.0122992633
48 processo48 5.85885673091 66.7852188784
49 processo49 0.551354432528 50.0556836285
50 processo50 1.52448741267 57.9958825366
51 processo51 5.36875016246 85.5074574744
52 processo52 1.32178221591 56.9656797768
53 processo53 3.85830779529 83.8595364807
54 processo54 1.64915645278 57.3157735219
55 processo55 4.79044437583 76.3829758304
56 processo56 3.75635796081 67.4392252102
57 processo57 2.59147027111 80.8296440782
58 processo58 1.42760972494 61.5203836946
59 processo59 3.14202932068 88.9858539716
60 processo60 0.494314867096 60.7458976931
61 processo61 2.37058788388 68.9925419094
62 processo62 0.996719972528 67.1473588334
63 processo63 2.92271631202 76.6038402148
64 processo64 0.620432945932 70.0327876061
65 processo65 3.77051415125 73.4345128274
66 processo66 3.33403894347 72.5216892508
67 processo67 1.8318152942 75.8986400843
68 processo68 4.4588335104 83.7092914677
69 processo69 2.21040402372 81.3870306386
70 processo70 3.95492294354 94.1164846169
71 processo71 4.90731907544 109.391800236
72 processo72 4.18339235754 108.029128186
73 processo73 2.00286600568 82.2904888076
74 processo74 0.0417691202869 74.5961375103
75 processo75 5.98404240521 131.257817381
76 processo76 3.41814681265 82.596078757
77 processo77 1.76419107707 90.2471625168
78 processo78 4.73917396657 100.67851561
79 processo79 3.61554308806 96.5287500051
80 processo80 1.70207164608 92.9183427454
81 processo81 3.77773585449 98.310776862
82 processo82 5.94407990178 130.764111632
83 processo83 4.37936302493 107.968061433
84 processo84 1.95581447642 99.5646279636
85 processo85 2.64062157347 102.831378409
86 processo86 1.34372454969 99.6686598556
87 processo87 4.50358200984 129.133375718
88 processo88 1.40649074844 92.5857656318
89 processo89 1.09492221522 91.6505503093
90 processo90 0.623964212844 96.5250091533
91 processo91 4.13004730399 126.830270399
92 processo92 4.26909383449 111.473852092
93 processo93 0.592445406798 96.0974959299
94 processo94 5.02298897823 114.516089007
95 processo95 4.89460289341 116.090569544
96 processo96 0.48281453953 96.6858698393
97 processo97 1.43153521882 100.605604058
98 processo98 5.83517284979 109.902107578
99 processo99 1.53394862263 106.053285786
