0 processo0 5.85337328908 11.1141893508
1 processo1 3.86791297962 21.8087795347
2 processo2 3.29957244903 32.068165692
3 processo3 5.59556485044 13.2189318928
4 processo4 2.51984106231 26.4087319287
5 processo5 0.12547014103 7.12412846791
6 processo6 0.724160935959 12.7492972142
7 processo7 0.18748597301 8.58700874527
8 processo8 0.14857270778 8.43513695978
9 processo9 5.99466797994 45.9713257434
10 processo10 1.0168295817 13.4690394178
11 processo11 1.69639527186 13.3480434575
12 processo12 2.4412703168 23.4279839414
13 processo13 0.904515037952 18.5176908975
14 processo14 4.61308378282 43.2354388406
15 processo15 3.87930194637 34.7357713325
16 processo16 1.35672619134 27.0232227923
17 processo17 2.15937074239 23.2707716445
18 processo18 5.31198100056 64.8220078949
19 processo19 0.548530990699 22.9371206796
20 processo20 5.98991408267 68.0966193288
21 processo21 5.0980739504 40.5886136889
22 processo22 0.201822373291 24.8383491893
23 processo23 3.82728764973 36.9443256591
24 processo24 2.87360861502 48.0389872433
25 processo25 1.65199945839 41.1656632298
26 processo26 1.21555322223 31.6789612182
27 processo27 5.04646839932 41.0592512617
28 processo28 1.8490355503 40.9210763785
29 processo29 2.81701806155 34.4917206379
30 processo30 5.68711849093 42.9543460131
31 processo31 0.927905316464 36.1302517002
32 processo32 0.766178537759 39.0887430727
33 processo33 4.83042501359 59.310686673
34 processo34 5.32931973237 44.0835789661
35 processo35 1.85966252753 41.8508848236
36 processo36 5.77520748727 59.0224196474
37 processo37 0.630773368545 41.2641076277
38 processo38 2.19107863902 60.7823380086
39 processo39 4.8173345418 76.0965035526
40 processo40 1.91507731848 55.5910807399
41 processo41 0.3204690069 42.8518501288
42 processo42 5.57046433546 95.5662949975
43 processo43 5.04301150475 78.1696883577
44 processo44 0.086948598709 45.2589682421
45 processo45 2.31552463532 67.9320847768
46 processo46 5.73846249988 62.6313398419
47 processo47 4.37318741059 74.8892414226
48 processo48 4.54227605301 63.1082990918
49 processo49 5.08815961629 77.4827195089
50 processo50 4.59421616636 73.6965658658
51 processo51 1.95890207303 54.1668290988
52 processo52 2.81523613791 67.390618643
53 processo53 4.42542352566 70.6121513054
54 processo54 5.98327669648 105.572829929
55 processo55 4.31285177669 75.2564656809
56 processo56 3.68906078924 64.1097201245
57 processo57 0.639672341659 63.5686780045
58 processo58 1.10986167579 68.456704453
59 processo59 2.34716185085 62.2576103979
60 processo60 5.94963573274 67.9709775169
61 processo61 0.832241822336 63.9515703196
62 processo62 5.71266230303 117.706315537
63 processo63 5.49598665733 74.6726966501
64 processo64 1.61846089979 68.8953380212
65 processo65 5.50821944972 117.612645759
66 processo66 5.72201687125 105.900266711
67 processo67 2.45732609746 86.7544192601
68 processo68 5.80475849254 82.6010926565
69 processo69 5.93890885768 110.377794406
70 processo70 5.54081421178 87.4712286341
71 processo71 5.6188580051 97.5510274532
72 processo72 1.55973598198 85.5123010238
73 processo73 1.96374847196 90.4606315881
74 processo74 5.13274922778 93.7562134031
75 processo75 1.05939458684 79.2693112362
76 processo76 0.765871395698 77.2724966571
77 processo77 5.61185877793 91.6830820766
78 processo78 1.54623001224 88.4019760365
79 processo79 1.08687723825 89.3105864518
80 processo80 4.26204259133 84.5718031786
81 processo81 0.977495336773 88.572678447
82 processo82 5.45519755548 133.199231098
83 processo83 0.977440761374 89.745178555
84 processo84 3.54151473826 110.975886539
85 processo85 2.23142255174 99.1986442397
86 processo86 5.52381306375 141.559361097
87 processo87 4.44990345147 118.124626056
88 processo88 3.25804532366 119.239540284
89 processo89 4.10967736591 125.87182686
90 processo90 1.69770597254 99.0886162649
91 processo91 2.74403820999 109.454068861
92 processo92 0.72731656927 94.9345637703
93 processo93 1.89745594101 97.9303119027
94 processo94 4.72060082147 128.641077623
95 processo95 4.36295708944 128.621307446
96 processo96 1.36844374078 98.6261283843
97 processo97 3.37588273236 118.077991655
98 processo98 1.02097258023 104.27297352
99 processo99 5.35841458553 148.853281193
