0 processo0 1.70969894406 14.359927628
1 processo1 0.850780389466 3.82041099639
2 processo2 0.994107978434 4.45822370267
3 processo3 5.26613322682 26.4734491203
4 processo4 2.50367495304 27.2370194784
5 processo5 1.07506942531 8.21531552691
6 processo6 1.20468084106 13.0889188711
7 processo7 2.78190060533 33.0103800195
8 processo8 0.589169162132 13.2319943566
9 processo9 1.63997553123 22.3489513865
10 processo10 5.44045537369 16.5878362149
11 processo11 5.35450978383 17.0109421048
12 processo12 3.85874786568 26.3855245185
13 processo13 0.725526044847 15.9949964201
14 processo14 2.14682442512 19.2118520867
15 processo15 4.72501695295 57.1702028381
16 processo16 0.650334216021 19.2862671507
17 processo17 1.93049468464 28.3141078883
18 processo18 2.68802223379 26.6393896054
19 processo19 2.04145150561 27.5874027501
20 processo20 0.71927983884 26.8894010128
21 processo21 4.73869582179 36.487044737
22 processo22 3.48214298303 38.9961184427
23 processo23 2.28428555058 29.479794044
24 processo24 4.04251556279 52.7663110941
25 processo25 0.298582437073 27.6535305564
26 processo26 4.17461929804 46.3772197756
27 processo27 4.07181151096 33.0595014977
28 processo28 2.23175184926 49.985581725
29 processo29 5.30845639791 76.1265110584
30 processo30 4.93142740145 72.1694165339
31 processo31 2.18806315904 34.9968502274
32 processo32 4.11022322369 42.1871442495
33 processo33 3.18800637055 52.223141733
34 processo34 0.916233886435 42.1332700028
35 processo35 3.01735140299 55.3102040698
36 processo36 1.90039911935 43.6010879378
37 processo37 1.61247983698 40.9004544022
38 processo38 0.388606462309 39.9213378745
39 processo39 5.7232441614 97.2150984154
40 processo40 3.04428788504 46.2605151145
41 processo41 4.9731640443 49.6918452428
42 processo42 1.34525591987 50.9967133674
43 processo43 1.83857273294 50.9877484353
44 processo44 0.401824289781 46.1077922339
45 processo45 2.68580975472 59.2817939888
46 processo46 4.80746662227 52.4259226277
47 processo47 5.51613913265 85.5984923941
48 processo48 3.68768198486 84.8298375571
49 processo49 5.83659465009 71.7413225205
50 processo50 4.12293970209 80.9352270889
51 processo51 2.90092940833 66.3897243331
52 processo52 4.50319704803 79.6778982332
53 processo53 3.17424025906 77.2846389852
54 processo54 0.0135612131092 54.9086369685
55 processo55 2.4840799323 71.052231021
56 processo56 4.72721264953 85.3484651193
57 processo57 1.62740526798 73.1311800491
58 processo58 2.17272604996 66.8772000976
59 processo59 0.720040148243 61.5130632438
60 processo60 2.00068737363 70.6077651056
61 processo61 3.56132653837 86.6653188675
62 processo62 0.282616623566 64.3861753344
63 processo63 0.201387182359 64.1115983378
64 processo64 2.4448067475 67.3025836734
65 processo65 2.74992073319 79.9610268595
66 processo66 4.46762100009 108.257463876
67 processo67 2.24692341565 86.1668504594
68 processo68 5.05234657525 96.9051735406
69 processo69 3.90626546307 76.4248953811
70 processo70 0.571750092317 72.7221149167
71 processo71 0.186191163704 71.6096926262
72 processo72 2.45510833702 80.7669503184
73 processo73 5.32537361217 127.002514434
74 processo74 1.01520029702 85.0635502726
75 processo75 2.16775722592 87.4258329509
76 processo76 5.9355599429 118.409122154
77 processo77 4.7373554045 109.924860777
78 processo78 3.54455087462 111.888758798
79 processo79 2.09945016372 92.8877811429
80 processo80 1.11009821608 83.2104783948
81 processo81 5.94716362623 127.467802249
82 processo82 4.59604517961 115.837415949
83 processo83 3.91678274824 104.947270132
84 processo84 5.03348656615 124.21862957
85 processo85 2.79764277652 105.416006853
86 processo86 0.592524187307 87.7398687905
87 processo87 5.80176544239 134.876953383
88 processo88 3.51543007494 119.696725971
89 processo89 2.42538541488 113.558200649
90 processo90 0.660322902339 92.3373591983
91 processo91 5.21391280674 138.468827942
92 processo92 0.911769375927 93.1688941307
93 processo93 0.267925298558 93.8480461143
94 processo94 5.53536395202 134.454871748
95 processo95 1.06784802947 96.1926559445
96 processo96 3.87635120323 100.572464113
97 processo97 1.23502338784 101.33662447
98 processo98 1.7336549204 115.204178762
99 processo99 2.42780740637 108.737328799
