0 processo0 4.87417654212 34.7800070809
1 processo1 0.55716394552 3.98382364448
2 processo2 1.38397894557 14.8504819471
3 processo3 5.66728942843 58.5773157271
4 processo4 3.74082765437 29.3908527834
5 processo5 0.0334483912627 6.27992963076
6 processo6 0.740301289059 8.23141747514
7 processo7 5.53300091617 34.6250482354
8 processo8 4.16841826761 22.0222167024
9 processo9 1.95706351342 13.4572256718
10 processo10 4.81183414062 52.1033299665
11 processo11 4.77327754038 28.6540306594
12 processo12 1.93205911508 14.1851734709
13 processo13 1.14384616148 19.8466060159
14 processo14 2.00182030289 23.1518706566
15 processo15 2.56899794732 35.3340351208
16 processo16 1.32365815927 28.8130941198
17 processo17 0.0151387254559 18.1383096176
18 processo18 4.05566778012 31.969091336
19 processo19 1.09306611928 28.9594655682
20 processo20 2.40057647112 44.0553082534
21 processo21 2.6634675825 33.7937686256
22 processo22 3.9058446583 61.7982259748
23 processo23 0.194708885475 25.6904253316
24 processo24 1.35409648171 27.8192531707
25 processo25 2.5081564227 43.2304503297
26 processo26 4.27590218535 42.1353107787
27 processo27 1.28592489313 28.7508415751
28 processo28 3.7703819114 62.9529214918
29 processo29 3.08894612274 33.3594323319
30 processo30 2.61145192134 35.5745985288
31 processo31 4.71323059761 61.7497313338
32 processo32 3.94614597849 42.9647719076
33 processo33 0.454388398058 38.0849963802
34 processo34 0.455243818917 37.8569080273
35 processo35 5.22963792688 88.0275499024
36 processo36 2.91124938697 50.7724983527
37 processo37 4.58836537826 60.4134269734
38 processo38 1.47810547959 39.6229286923
39 processo39 0.459545659754 40.0532275642
40 processo40 5.13046211921 78.5829414113
41 processo41 0.141705051473 42.7929072142
42 processo42 0.249756796154 44.3652257631
43 processo43 2.07118759968 60.8295490389
44 processo44 3.91810672295 57.600721718
45 processo45 4.17066785581 80.4344421172
46 processo46 1.23273443174 50.3248361363
47 processo47 3.31267665425 70.6046702209
48 processo48 3.418070015 80.2331004819
49 processo49 1.11955681493 54.1583289316
50 processo50 4.48121438713 95.776260693
51 processo51 0.174683589707 51.4112985375
52 processo52 1.24146736578 60.4321244697
53 processo53 5.87062565924 112.560553419
54 processo54 5.8230596265 67.8457764314
55 processo55 1.1816159831 57.2669886031
56 processo56 2.01928975188 62.4955555918
57 processo57 1.17052509166 62.2595940009
58 processo58 2.79086085348 78.1587291169
59 processo59 2.96363511711 70.4764711407
60 processo60 3.38545854139 79.8482560305
61 processo61 5.12767511648 84.8063483499
62 processo62 4.56848274249 70.9401924523
63 processo63 1.75992643704 68.3874902145
64 processo64 2.43513303443 72.8800819152
65 processo65 3.01209164302 88.7186481182
66 processo66 1.73543984251 81.7730661045
67 processo67 3.17304701516 96.6355051441
68 processo68 4.65857291194 79.1924507646
69 processo69 1.37763182148 74.9152615206
70 processo70 2.0501335647 77.8425652402
71 processo71 1.15774598285 72.3279833467
72 processo72 3.00708751931 97.6808521757
73 processo73 4.28291899947 94.6091533652
74 processo74 2.39909786512 97.6435853664
75 processo75 0.7045106188 79.6753414194
76 processo76 3.97274227984 91.5722423
77 processo77 2.4309960975 101.507951329
78 processo78 4.00973269541 97.6009555349
79 processo79 4.76677783197 116.073472979
80 processo80 0.191024526231 81.1731112795
81 processo81 4.0808301185 108.469271387
82 processo82 4.8038974126 114.237605957
83 processo83 2.21528070888 86.1534741539
84 processo84 0.927770368374 88.0012902529
85 processo85 5.63017569211 94.4853507834
86 processo86 4.06410352314 95.7531916926
87 processo87 5.85570001437 113.458878517
88 processo88 0.29292074854 88.3657083065
89 processo89 4.69936958121 132.960881318
90 processo90 0.617168137762 95.607950239
91 processo91 2.50936411921 109.42274371
92 processo92 5.97819421723 143.570491606
93 processo93 3.24281461328 114.492174247
94 processo94 3.0616436584 113.677338961
95 processo95 3.98334332232 126.659273566
96 processo96 1.99090144214 107.323381523
97 processo97 3.28066660638 125.680396714
98 processo98 5.66867604493 146.671842321
99 processo99 3.10715783121 106.538542671
