0 processo0 1.61416265578 14.287851968
1 processo1 5.35891901534 46.2489834857
2 processo2 2.50218704234 21.0275886769
3 processo3 4.19324012815 9.55529457415
4 processo4 1.93316660094 11.2670103991
5 processo5 3.11295460346 20.4012847511
6 processo6 4.39535574713 21.303298677
7 processo7 0.0791931760384 7.09298729952
8 processo8 0.702152757525 10.3667724275
9 processo9 3.60449105649 25.2704672338
10 processo10 5.78134151485 35.7235792073
11 processo11 0.133319185426 11.4102738024
12 processo12 2.53647071176 37.3935502027
13 processo13 5.95581153565 53.3676815816
14 processo14 2.69953030455 21.1036224196
15 processo15 1.02138882327 18.8706867211
16 processo16 1.76194423669 28.0936029102
17 processo17 4.19212524959 21.8620943064
18 processo18 5.00294313658 25.5814745865
19 processo19 2.91468623932 41.5695396343
20 processo20 2.16742681081 24.2709770576
21 processo21 1.50962549882 24.1055338659
22 processo22 0.405268556533 24.4165042367
23 processo23 4.8001639766 29.3708319566
24 processo24 0.807763217973 32.1858545285
25 processo25 1.14619761518 29.7892628036
26 processo26 2.90294446834 45.0640558541
27 processo27 4.33429687586 49.2082355011
28 processo28 2.10899098146 46.3336194409
29 processo29 4.55023587591 60.8604124549
30 processo30 1.29829624116 40.814605753
31 processo31 4.44739161238 53.8864439709
32 processo32 4.31886348906 55.8348412157
33 processo33 3.57998533895 49.0724893965
34 processo34 0.328493823555 36.7099177087
35 processo35 4.86860942165 61.5280131546
36 processo36 1.03909203248 45.5662772598
37 processo37 4.05325464487 65.6111622098
38 processo38 1.42690160344 39.7350496996
39 processo39 4.60709636228 53.911819936
40 processo40 5.77096164347 48.0639902835
41 processo41 1.85646186842 58.2639271344
42 processo42 1.86644021662 61.348071805
43 processo43 4.08172315908 73.4997241034
44 processo44 2.69072787892 49.4758611495
45 processo45 0.487194447663 45.9170910412
46 processo46 4.37633816115 72.1710797324
47 processo47 0.479669968775 50.5694138082
48 processo48 3.16691302612 51.5750504225
49 processo49 4.88046884783 96.227861305
50 processo50 1.25604741279 56.6264886904
51 processo51 4.16689067812 64.4612053738
52 processo52 5.83769939185 62.7411802067
53 processo53 3.88162842199 85.115839724
54 processo54 5.57994038475 74.6281361766
55 processo55 4.56318096116 94.5990802011
56 processo56 1.38807382688 62.7673045266
57 processo57 5.44222716545 79.6671099457
58 processo58 4.49459548716 64.9559411243
59 processo59 2.03219165595 78.8484072399
60 processo60 2.38822807781 68.4873317184
61 processo61 2.02254389277 74.5400507074
62 processo62 4.5714840569 69.1666757694
63 processo63 3.39482106006 76.2397574734
64 processo64 4.88368678534 105.11866778
65 processo65 5.18895357584 83.1576941511
66 processo66 2.9548252975 86.508838303
67 processo67 5.56735952297 79.4103259644
68 processo68 1.07771353953 77.9530024132
69 processo69 5.69610269953 101.025141532
70 processo70 2.08413734752 91.2717124442
71 processo71 3.90840851112 98.1134351247
72 processo72 1.11785241187 76.6026153618
73 processo73 3.22744731925 106.192524671
74 processo74 2.78708747169 82.794760565
75 processo75 4.60196725557 91.1306135312
76 processo76 1.49597386122 78.5481231643
77 processo77 1.81421344228 86.1057080106
78 processo78 2.42838136633 100.288097884
79 processo79 3.09965632385 85.8524846941
80 processo80 5.5318294874 96.7393209604
81 processo81 3.34262420557 97.8284806368
82 processo82 3.72267527298 90.0893603599
83 processo83 0.449808611767 87.957854536
84 processo84 2.67445253998 96.5675602674
85 processo85 2.31953243144 90.979279865
86 processo86 2.51327732144 106.266958736
87 processo87 0.622119770795 92.8422347783
88 processo88 1.08522409613 89.5983387491
89 processo89 1.56905525464 94.5940661643
90 processo90 4.87987072902 112.766431624
91 processo91 0.828158528317 91.8297249657
92 processo92 4.89451582404 132.8434492
93 processo93 5.87946158888 123.893694183
94 processo94 2.31079119034 102.14702683
95 processo95 3.71747891393 116.020521525
96 processo96 4.25797078308 116.128894697
97 processo97 0.0213754439821 98.203534453
98 processo98 3.91404840914 137.640101699
99 processo99 1.0977652789 109.223998651
