0 processo0 4.28881998543 8.55100466883
1 processo1 3.90894311743 29.0213963841
2 processo2 4.96735143619 10.8209645534
3 processo3 5.759952876 31.0900188086
4 processo4 3.7367995752 31.7314136271
5 processo5 3.7250685184 20.0838641481
6 processo6 3.46798031826 14.4929464492
7 processo7 0.202890914384 9.05019760109
8 processo8 1.86133257786 13.8798584389
9 processo9 4.01687762929 37.0396277809
10 processo10 0.647492725314 12.5728683424
11 processo11 4.48301266719 29.1989679764
12 processo12 3.35758003337 35.1835535838
13 processo13 4.89940882739 32.283462822
14 processo14 1.15513169772 26.1789632892
15 processo15 0.878174169522 23.1260622162
16 processo16 1.41492630673 18.5825927587
17 processo17 4.09507677434 37.0342380629
18 processo18 4.39758749941 57.8974957645
19 processo19 5.96439506763 49.4661202732
20 processo20 5.31200641507 41.9603376066
21 processo21 5.82529545532 33.7048656421
22 processo22 0.322199833472 26.0336983003
23 processo23 2.4447847947 35.6813186637
24 processo24 0.394137366999 24.4678383676
25 processo25 3.15928552187 44.5065743931
26 processo26 1.36457650338 36.85390034
27 processo27 3.56921918169 37.9144222004
28 processo28 0.779775269288 31.1257404841
29 processo29 4.20908216858 53.7402401932
30 processo30 1.85280150575 39.9158819292
31 processo31 0.496963550522 33.3175064638
32 processo32 4.90203499593 51.12716488
33 processo33 5.42236879827 82.6388623231
34 processo34 1.80483401489 47.4178752079
35 processo35 2.94260233785 43.4005806365
36 processo36 2.44858319691 49.8649911987
37 processo37 2.35527337891 52.4531622154
38 processo38 3.5791523513 45.2873704077
39 processo39 4.33281881148 68.4919440154
40 processo40 5.45453831057 78.728588205
41 processo41 2.72087727236 64.9588567557
42 processo42 4.07949232073 52.9031460418
43 processo43 0.551702158154 49.14362518
44 processo44 5.25820630444 58.5556006865
45 processo45 5.0262119704 93.2394309125
46 processo46 0.492930487483 51.2248763645
47 processo47 3.64619891908 71.1408265485
48 processo48 3.24639042212 64.2901545419
49 processo49 0.370931981177 53.3522550425
50 processo50 1.23280111449 52.4830699313
51 processo51 2.16810956919 71.8356452428
52 processo52 5.15572605528 98.5015267572
53 processo53 2.72517261645 67.8807172076
54 processo54 2.84797380443 72.8907661059
55 processo55 5.21685618293 106.736005701
56 processo56 4.30279931971 94.3350757908
57 processo57 1.09204853813 59.4157525995
58 processo58 3.32648174455 86.2593394135
59 processo59 4.11267725238 65.3829107374
60 processo60 4.43275649273 84.5478036689
61 processo61 2.34952442224 68.1741954146
62 processo62 3.18187091964 93.4553036552
63 processo63 3.79228363426 92.3075807845
64 processo64 4.87241317799 85.0583970527
65 processo65 1.96389775088 82.3574815028
66 processo66 5.69208790958 88.8124015454
67 processo67 4.06687228404 73.16866433
68 processo68 5.29197421812 107.083033859
69 processo69 3.44503256461 84.0380374825
70 processo70 3.42511888414 85.689186644
71 processo71 0.135980142803 73.3165290916
72 processo72 1.20038026467 82.8767953292
73 processo73 5.16092245829 124.975624858
74 processo74 2.46864229883 82.8936750716
75 processo75 0.0453893856659 75.4675726351
76 processo76 3.53573942085 92.5257531805
77 processo77 1.54279967349 86.1778615481
78 processo78 0.919628922138 84.045453077
79 processo79 1.53556841575 81.9930184177
80 processo80 3.18517092047 87.3148310684
81 processo81 2.56975846522 101.084625316
82 processo82 4.83628764394 93.6031715781
83 processo83 0.168093678251 83.4122648419
84 processo84 1.89719840534 97.2038862717
85 processo85 0.287434830439 85.6658796441
86 processo86 0.765658539866 88.716397487
87 processo87 2.77481518623 108.206140284
88 processo88 5.79600422841 94.2352020878
89 processo89 3.19002085715 110.766606204
90 processo90 2.69472883333 101.970675543
91 processo91 5.44244035468 139.635463868
92 processo92 3.63843843613 109.031285752
93 processo93 4.26293009498 121.554700879
94 processo94 3.92132192222 125.519391366
95 processo95 2.1514334705 101.916528869
96 processo96 5.51771871304 104.084983275
97 processo97 1.34973231792 99.323522969
98 processo98 3.05362103342 125.525596663
99 processo99 1.37325318451 106.727267362
