0 processo0 1.66760948537 4.14486136807
1 processo1 4.38141330152 15.0276143378
2 processo2 2.61659538997 27.5547819299
3 processo3 3.78437061522 16.6980395204
4 processo4 2.65052905971 15.1786978588
5 processo5 5.82788163294 62.4829586042
6 processo6 2.13257525911 8.50223257431
7 processo7 0.907150831582 14.5499802016
8 processo8 3.3762284273 24.7267743333
9 processo9 1.23232923243 17.0870825367
10 processo10 0.729870382274 15.214742865
11 processo11 0.34442789512 13.1656912301
12 processo12 1.28812236895 17.7290215285
13 processo13 5.81465739382 40.1867702294
14 processo14 1.31270400577 25.0972482774
15 processo15 1.02724840997 23.8605236595
16 processo16 3.74042708279 42.7091120909
17 processo17 3.86992746181 38.5426497429
18 processo18 3.73969575052 45.7686546994
19 processo19 3.34857114773 42.3476836445
20 processo20 0.408301162423 21.1532460662
21 processo21 5.76340495021 74.9469316741
22 processo22 5.45045769016 36.1547555505
23 processo23 4.7920862092 29.0120778571
24 processo24 0.518623548751 26.9534724178
25 processo25 0.779927091736 27.7580950917
26 processo26 1.11567391579 34.9879726252
27 processo27 3.38312808701 51.9199989249
28 processo28 3.25287129778 48.2482296546
29 processo29 0.777834778566 33.4682090179
30 processo30 0.983015693538 38.7294331701
31 processo31 1.43179692499 42.0503228923
32 processo32 5.69257594026 65.9548733198
33 processo33 0.451934957404 34.3724617027
34 processo34 1.65594095821 38.8577267253
35 processo35 3.67155256232 63.4360393012
36 processo36 4.67699408107 53.9330430609
37 processo37 4.68054175317 46.624354142
38 processo38 0.0686509188511 38.1006476524
39 processo39 4.39591942731 43.5745946523
40 processo40 1.01003908191 48.2194911385
41 processo41 1.61189053841 53.3812395897
42 processo42 2.61042010623 55.3717662391
43 processo43 0.201580377908 44.636099388
44 processo44 0.928347894328 50.6730344323
45 processo45 2.17076732076 55.2989074099
46 processo46 4.55047764837 54.0592150244
47 processo47 4.48013143429 68.9153351975
48 processo48 5.43610898464 61.2912259863
49 processo49 5.13114873144 59.5672261602
50 processo50 0.295088217545 50.9621086618
51 processo51 5.69431671349 63.628367935
52 processo52 1.37440348285 61.9687833799
53 processo53 3.77880344045 90.7085225238
54 processo54 3.48981786612 73.3959184323
55 processo55 5.93592278618 62.258701253
56 processo56 4.63254519635 89.6821514948
57 processo57 4.91417144881 80.7623352769
58 processo58 4.18881884787 63.3433776316
59 processo59 4.90371810441 75.8563775289
60 processo60 2.74039122824 65.6278516237
61 processo61 1.50510687797 69.6601331518
62 processo62 3.28858740097 68.9456470635
63 processo63 2.51918165145 79.6478490966
64 processo64 1.47247567276 66.2198395318
65 processo65 1.92510363805 73.3095654279
66 processo66 3.602211766 101.666499407
67 processo67 2.86047148627 88.0183207938
68 processo68 5.2276139697 107.665066127
69 processo69 1.63388830501 83.3731409783
70 processo70 4.65577055841 106.237508345
71 processo71 3.95131869075 97.0658442755
72 processo72 1.70645988245 89.1605018254
73 processo73 5.28506015746 113.222771457
74 processo74 2.96862772063 96.3699082647
75 processo75 4.89086311136 109.417113769
76 processo76 4.26043779689 88.0442560735
77 processo77 3.23208272745 94.6193245132
78 processo78 5.38678483346 87.887060626
79 processo79 4.01648569606 88.9407970597
80 processo80 2.64079874426 103.705261427
81 processo81 2.12370871656 87.7536762078
82 processo82 0.680593957046 85.8872983373
83 processo83 2.75153015081 100.718585256
84 processo84 5.65965090261 133.519482012
85 processo85 2.2692329301 88.5748007918
86 processo86 3.41134453129 102.510511809
87 processo87 3.839097001 115.583367227
88 processo88 2.33267004503 111.553533627
89 processo89 1.68512469265 101.142366044
90 processo90 2.37141668928 105.358281976
91 processo91 5.84732702539 111.24724012
92 processo92 1.40115083104 98.6580430861
93 processo93 1.32271473973 100.185411243
94 processo94 1.85010257529 109.898402933
95 processo95 2.71825122181 122.688545299
96 processo96 0.24815986731 98.7866949927
97 processo97 3.4127906504 127.298036361
98 processo98 1.3994141038 99.5658206142
99 processo99 5.13643523968 134.370976155
