0 processo0 5.24584771294 52.3635731233
1 processo1 4.69859793954 46.166355571
2 processo2 0.0649423686634 3.06043577777
3 processo3 2.05021916721 8.245244428
4 processo4 5.54381277585 42.5078493581
5 processo5 0.077534725765 5.22107181332
6 processo6 4.06351729223 27.7861062612
7 processo7 4.99410938388 40.4212129216
8 processo8 4.21986872837 42.3380232567
9 processo9 4.07622741565 49.335674769
10 processo10 1.40628210466 17.5077100672
11 processo11 5.10330228639 27.1103105397
12 processo12 4.49471814132 51.6928793556
13 processo13 5.65465735929 55.2183749086
14 processo14 0.854035840483 21.236163442
15 processo15 0.566730999085 16.106624028
16 processo16 0.94031337427 24.9370880677
17 processo17 3.43882650039 42.4779120901
18 processo18 0.467148027036 20.9794774245
19 processo19 3.34478308191 45.2852643877
20 processo20 0.125797849896 20.7386429164
21 processo21 4.46616420809 25.7061847256
22 processo22 3.21851583629 40.998939344
23 processo23 0.0562421229343 23.4482168156
24 processo24 1.34047242372 37.0967182302
25 processo25 0.685125484276 29.6030101843
26 processo26 0.785153800196 27.3789410656
27 processo27 2.80829282765 47.3376063279
28 processo28 2.29381179668 45.6708296596
29 processo29 4.17324673378 68.8272597949
30 processo30 4.62611413973 48.6928479505
31 processo31 3.79056227789 55.2473111431
32 processo32 1.52609563046 42.1995203385
33 processo33 3.03950392008 56.5679174002
34 processo34 5.01422261144 76.389975949
35 processo35 4.40661852057 70.6303611127
36 processo36 2.89038709431 46.7763161849
37 processo37 2.9875890575 65.2626729751
38 processo38 0.617384038785 41.9845222451
39 processo39 0.831663482786 47.0393732079
40 processo40 4.91116742007 56.7769178794
41 processo41 1.41685512928 51.2838926685
42 processo42 0.461254131447 47.3263859386
43 processo43 2.62882536098 46.6382987998
44 processo44 5.64989113936 74.637416143
45 processo45 5.82961272703 82.6945172837
46 processo46 5.52296441946 52.7336883751
47 processo47 5.03044963539 91.2672212031
48 processo48 4.07748436452 66.5258586696
49 processo49 3.52461561871 57.40781925
50 processo50 5.09483184723 70.2327233822
51 processo51 2.98683087505 54.8259046589
52 processo52 1.8478762852 56.9430214268
53 processo53 4.75690822746 97.5373737239
54 processo54 2.606825609 78.0348044955
55 processo55 0.0670926106264 55.4484234673
56 processo56 4.72392861844 75.377792692
57 processo57 1.01062740387 65.2054492049
58 processo58 5.04394174275 70.1761930826
59 processo59 5.6484702537 103.409919524
60 processo60 0.847153703716 64.7688216396
61 processo61 2.1125545469 67.8517924983
62 processo62 5.64608315497 91.206740227
63 processo63 2.43343832944 77.6685655836
64 processo64 5.47917572146 74.5635105308
65 processo65 4.13346733375 71.593058217
66 processo66 5.62209700948 103.085839637
67 processo67 2.65930791863 79.7146954647
68 processo68 5.9753773039 90.232038878
69 processo69 2.8917149337 84.3104238206
70 processo70 1.28092538007 74.1223454539
71 processo71 2.08045532676 87.2938023238
72 processo72 4.89068465889 108.688783535
73 processo73 4.95705072921 88.6601553906
74 processo74 4.83762583461 88.3905838782
75 processo75 0.734634859762 77.2718914546
76 processo76 3.1780973103 81.2254817612
77 processo77 5.61690680314 127.436268186
78 processo78 2.828738539 91.6762712149
79 processo79 4.59284459711 125.53045399
80 processo80 0.385408723039 82.1382856861
81 processo81 4.16880810971 106.536303006
82 processo82 0.465893813795 87.294308121
83 processo83 3.49316901212 97.1693205443
84 processo84 3.93788528121 94.0393554031
85 processo85 5.44169647874 93.5043394747
86 processo86 1.89207737853 89.5164141271
87 processo87 5.59097348624 140.087253871
88 processo88 2.02613743709 95.8996863185
89 processo89 3.52345909347 101.845703735
90 processo90 5.39271712326 136.00074665
91 processo91 4.31980974608 109.091593065
92 processo92 1.5241240029 97.1942474761
93 processo93 1.35514257254 103.443123996
94 processo94 2.74595676951 98.7402730376
95 processo95 3.28445975019 108.870854877
96 processo96 4.59554836547 123.171403107
97 processo97 1.68534388643 102.059037621
98 processo98 2.0289618983 107.108392626
99 processo99 3.25706248888 123.718840456
