0 processo0 5.0900404605 51.4377056646
1 processo1 1.8432219845 10.1183779821
2 processo2 0.653414628248 7.97168320797
3 processo3 3.31424857429 16.6478174922
4 processo4 4.0233996811 30.928224474
5 processo5 2.25130504021 18.8699475711
6 processo6 1.41255194003 18.0176310107
7 processo7 4.36998364674 18.8635899905
8 processo8 3.19605026887 28.7762070541
9 processo9 4.33561815841 48.7251164491
10 processo10 0.360601360901 10.8856286297
11 processo11 3.59439032524 38.7597119137
12 processo12 0.998659810072 14.1109024514
13 processo13 2.91898931251 17.0800282381
14 processo14 4.06237834733 32.6381217154
15 processo15 5.73129873889 34.5031777269
16 processo16 3.16651578717 29.9797148792
17 processo17 3.76631060251 35.8179972656
18 processo18 3.89481372356 40.8532992118
19 processo19 5.21233405735 65.543715954
20 processo20 0.285696042674 20.4331240644
21 processo21 4.27315678692 49.1656081619
22 processo22 2.28401193966 43.7340466665
23 processo23 3.22771258203 43.1678713604
24 processo24 1.19782100733 33.5193164927
25 processo25 5.63043864777 73.4514956736
26 processo26 2.48976169929 44.4044891236
27 processo27 1.61208388315 31.8148596083
28 processo28 0.797375565258 35.4205540979
29 processo29 2.49187373656 37.0471337716
30 processo30 0.587789420083 35.2355037797
31 processo31 2.43456254335 50.8461567029
32 processo32 1.56827071157 34.6013821846
33 processo33 0.891282520363 37.6605895524
34 processo34 5.49901095202 85.5375539703
35 processo35 4.22371318142 54.3171936249
36 processo36 2.78219375787 43.3453353252
37 processo37 5.32682715804 52.7543034044
38 processo38 2.55896444593 51.873066348
39 processo39 1.91773909978 55.1191129184
40 processo40 0.49380075553 41.7871641976
41 processo41 1.37691496888 46.5330586274
42 processo42 3.29143854611 49.2673950017
43 processo43 3.44247161123 78.0661046048
44 processo44 0.909603652769 48.2218111779
45 processo45 5.16634197991 58.4499609758
46 processo46 0.194892515613 47.3462629009
47 processo47 4.99399128149 93.9981126542
48 processo48 1.24279634713 60.8057711563
49 processo49 2.779132473 76.8551206173
50 processo50 3.13005840247 74.3458799513
51 processo51 4.4883918915 80.9114785611
52 processo52 1.86394948683 65.1582356797
53 processo53 2.839401906 65.121194618
54 processo54 3.87795943435 67.5522866701
55 processo55 0.282844636957 57.3488324867
56 processo56 1.05239312393 65.6186372884
57 processo57 2.76099119715 75.9221987685
58 processo58 5.01931126473 81.7071410264
59 processo59 3.51954758383 84.9243397119
60 processo60 2.54012725477 70.9757563389
61 processo61 5.58555154502 106.105155768
62 processo62 0.0942462841907 63.235604335
63 processo63 1.71503465936 67.5021124295
64 processo64 0.43150653541 68.2219974258
65 processo65 1.32702426209 76.9729010331
66 processo66 3.88002209437 94.9661098675
67 processo67 0.233753284538 69.9659964006
68 processo68 0.63783481674 68.9534534193
69 processo69 4.71683877909 102.295890604
70 processo70 4.36010570126 103.987908887
71 processo71 0.522379877695 72.3701434136
72 processo72 3.0250031981 93.5085847776
73 processo73 4.52098792271 77.8835349068
74 processo74 4.04944845862 114.558620321
75 processo75 0.55114116701 80.7149776146
76 processo76 2.51871911856 87.1007033044
77 processo77 2.63636075856 92.1328871549
78 processo78 5.25993344634 119.8730873
79 processo79 5.58568545374 93.8722838092
80 processo80 2.85753341352 101.640678935
81 processo81 2.08145896404 96.3971988761
82 processo82 4.9102363484 96.7554788261
83 processo83 2.67892298152 107.826742524
84 processo84 4.68125368634 120.533781135
85 processo85 4.30140100783 118.216498544
86 processo86 2.58277261216 105.293465562
87 processo87 5.17759273176 118.394819358
88 processo88 4.51799038233 117.756874783
89 processo89 5.36695728625 116.597383743
90 processo90 4.99429160042 130.912146511
91 processo91 3.30116190612 107.014857451
92 processo92 0.903323455116 94.9547616824
93 processo93 4.61056176086 100.164867688
94 processo94 3.91665260159 108.117017923
95 processo95 2.58566229075 112.584306859
96 processo96 3.80187407561 103.430723999
97 processo97 3.594116598 104.275644577
98 processo98 3.48128652501 120.490676784
99 processo99 2.20612369885 106.106029398
