0 processo0 0.48541530374 5.71537921166
1 processo1 2.26970243794 23.8997580209
2 processo2 2.24161343974 11.8799792761
3 processo3 1.79859501084 11.3881110734
4 processo4 2.24106215923 12.9050599944
5 processo5 1.02046749008 14.68264496
6 processo6 1.56526684334 15.2197877133
7 processo7 2.13436852789 18.0874827038
8 processo8 5.48265369879 45.0128132191
9 processo9 2.00495611937 17.9017512757
10 processo10 4.06487594797 16.0682087915
11 processo11 4.08479755719 42.7962506742
12 processo12 2.96275463003 34.2676919542
13 processo13 1.91969392941 20.6345676467
14 processo14 2.68184696894 19.4644496377
15 processo15 2.10496024645 22.1007546435
16 processo16 0.0886793103327 16.0963862713
17 processo17 4.49065843814 23.4590847052
18 processo18 0.874713127497 27.1318866464
19 processo19 3.48819298946 29.1922050614
20 processo20 4.57310644895 65.5572832556
21 processo21 5.5435321386 52.9260619546
22 processo22 2.44992565128 29.0007835453
23 processo23 3.32816765892 44.6516710664
24 processo24 4.08237294428 47.1081274539
25 processo25 0.203045063702 25.3506319977
26 processo26 5.9444001136 73.2226349247
27 processo27 0.462918420846 27.7882242786
28 processo28 4.02830161692 68.6981015857
29 processo29 0.430090673051 32.6634578041
30 processo30 1.05941264008 35.1693099082
31 processo31 0.968184994159 34.4972568567
32 processo32 4.70103757908 66.7310950713
33 processo33 5.98746978861 76.2821175379
34 processo34 5.3351983804 86.2147037024
35 processo35 4.61619724118 45.8452060093
36 processo36 3.76279089246 54.6240229527
37 processo37 2.33167533356 56.918500617
38 processo38 2.30550731081 43.2139688985
39 processo39 0.996415079579 49.0479577768
40 processo40 1.77890037116 52.1780607435
41 processo41 0.687971412863 42.8550996123
42 processo42 3.47787007523 77.2898384019
43 processo43 4.39160615567 59.1499193893
44 processo44 1.18823098037 45.2909776385
45 processo45 0.595946614179 45.9273444303
46 processo46 4.66812582868 82.7770575744
47 processo47 2.81945474012 52.8819585624
48 processo48 1.19461380243 58.0650773645
49 processo49 1.54414139246 61.8045075481
50 processo50 4.34293433944 86.6318879844
51 processo51 1.84984206374 58.2846595698
52 processo52 1.95317494541 55.1087989332
53 processo53 4.02165291525 82.3716079379
54 processo54 2.9967356977 68.4823211829
55 processo55 3.00386594723 80.8911909628
56 processo56 2.3173947379 72.1587715342
57 processo57 5.69608407506 90.4271040152
58 processo58 5.46944101342 68.0955405867
59 processo59 5.78315717356 109.039534852
60 processo60 1.30131224842 70.6876397159
61 processo61 5.27662656692 110.195624173
62 processo62 4.60328849087 82.3229285457
63 processo63 0.132778510915 64.477000418
64 processo64 3.50818414393 87.8216393991
65 processo65 1.9932574345 72.8542172041
66 processo66 5.56684794133 107.938588999
67 processo67 0.905635682219 73.0089189634
68 processo68 0.0192410597827 69.0941760938
69 processo69 0.845305510573 70.6928824922
70 processo70 1.94044508456 80.5705854625
71 processo71 5.91757574917 94.4519300959
72 processo72 4.20011987358 76.4684519013
73 processo73 3.95617700969 91.7108429714
74 processo74 3.670660394 86.1380528988
75 processo75 2.96016398908 96.9376907772
76 processo76 3.85459908887 87.6548512581
77 processo77 5.24808515919 84.3544267187
78 processo78 1.47358188683 87.655103245
79 processo79 4.60467372432 110.203684636
80 processo80 2.42279125163 83.3846513283
81 processo81 1.64839459981 97.5424024022
82 processo82 5.7687124236 97.7564441065
83 processo83 2.05500369752 86.1202834785
84 processo84 3.53118228966 102.875723812
85 processo85 4.13865204878 117.642302706
86 processo86 4.10058615986 99.9893674069
87 processo87 0.687434294347 88.3497904217
88 processo88 2.6123280184 104.555781439
89 processo89 3.94460697739 125.998391464
90 processo90 4.90014733539 95.7514024913
91 processo91 2.87459631787 96.8066712514
92 processo92 3.46339914239 124.871553673
93 processo93 4.76090121081 131.104925282
94 processo94 0.326107070438 94.9455017164
95 processo95 5.65722980357 134.187706438
96 processo96 1.28821562922 108.105181314
97 processo97 5.23759297121 119.780788415
98 processo98 1.0874436007 107.617016586
99 processo99 3.41067517167 110.327753491
