0 processo0 1.07419358041 8.51548388817
1 processo1 1.40513039306 9.45399070688
2 processo2 4.93805865921 30.2934939981
3 processo3 3.89032474899 22.5338160469
4 processo4 3.30140292572 28.0288066141
5 processo5 5.32542551342 21.4912863675
6 processo6 4.81487929398 49.3370611047
7 processo7 3.60779151739 16.4872093811
8 processo8 5.38213076994 36.8962441309
9 processo9 1.06550060631 19.0305027975
10 processo10 4.29549756605 53.8136797623
11 processo11 4.82352820275 19.707692964
12 processo12 2.91262108842 37.2163702682
13 processo13 3.18757334498 30.2103449292
14 processo14 2.33900232801 31.8165116705
15 processo15 5.44859460711 64.4371789788
16 processo16 0.918530517277 25.7735543954
17 processo17 3.94960057812 52.6802840996
18 processo18 1.221023906 26.3934145446
19 processo19 2.19469997807 26.4450010331
20 processo20 0.711027767279 23.7503189819
21 processo21 2.01032580093 31.3819905509
22 processo22 5.13195805588 70.4084321749
23 processo23 5.04269128572 35.1040326709
24 processo24 0.417585141407 26.1117997541
25 processo25 1.42643965526 37.6650329985
26 processo26 1.11705800555 29.9710936891
27 processo27 0.0395547237488 27.0466914881
28 processo28 5.42345396166 80.945421821
29 processo29 3.18414389121 54.9369673039
30 processo30 5.24710158344 60.235412359
31 processo31 0.181087859003 32.4623339158
32 processo32 4.27419920376 73.9707002498
33 processo33 0.205545380054 35.8861510615
34 processo34 5.39491117079 54.1314083904
35 processo35 2.15017604769 56.5547829633
36 processo36 0.185943297615 38.1362265232
37 processo37 1.49139436591 48.5673846792
38 processo38 0.4424775177 39.3847980587
39 processo39 2.85529879847 55.0015196846
40 processo40 4.79644690325 56.4815869065
41 processo41 5.70220485399 69.6181691816
42 processo42 0.507821157788 46.2342575645
43 processo43 4.3603122653 51.1064374317
44 processo44 1.08128741011 54.3442435323
45 processo45 4.48049586886 87.904354114
46 processo46 0.535584121601 51.0026537029
47 processo47 2.861851962 52.1463581845
48 processo48 1.72327652396 55.9615396347
49 processo49 4.98020886211 66.9931269848
50 processo50 1.27319014841 61.7344460912
51 processo51 5.38267072092 76.1841655805
52 processo52 1.13552280425 61.8577627278
53 processo53 2.02023826267 58.9290498874
54 processo54 1.37833100209 64.6746306649
55 processo55 0.693873875065 62.0531093238
56 processo56 1.56724000543 68.3861807822
57 processo57 3.02441517154 64.9493281326
58 processo58 2.62431902581 75.4682561099
59 processo59 2.28163690733 67.357543966
60 processo60 5.35909756624 71.2865188785
61 processo61 0.457111737088 65.6236101787
62 processo62 0.133879709678 62.3830588424
63 processo63 4.63555755027 101.636746873
64 processo64 5.42905447294 74.5932030161
65 processo65 0.619252897767 69.419111899
66 processo66 0.298454187926 68.196167632
67 processo67 1.72095862245 70.9826835345
68 processo68 3.07939490453 76.1523924807
69 processo69 5.70312239549 88.9895498339
70 processo70 3.8397836522 108.433846789
71 processo71 1.68407404777 86.0181973552
72 processo72 3.77952052169 108.681328882
73 processo73 1.94637518254 85.6238997413
74 processo74 5.85636155143 125.665961976
75 processo75 2.7801981007 100.379444522
76 processo76 0.918204129615 77.6671229044
77 processo77 4.50351969923 102.724813626
78 processo78 1.70727906406 95.6229624143
79 processo79 1.83829133308 90.6657834883
80 processo80 3.10544113022 85.8503430861
81 processo81 0.633815675007 86.3003096511
82 processo82 3.69900620199 113.850236876
83 processo83 0.727013601695 90.5340294594
84 processo84 0.172389107347 85.2946890329
85 processo85 5.16278954645 97.4378249706
86 processo86 5.06359381636 101.451422923
87 processo87 5.28462849607 115.668209099
88 processo88 2.39534116598 96.2567401971
89 processo89 0.962884739698 99.3544664394
90 processo90 4.94534699232 119.412450868
91 processo91 5.55929613509 147.466529874
92 processo92 2.59597540113 113.908478516
93 processo93 2.12120071729 114.5213301
94 processo94 3.19874909639 111.514490167
95 processo95 1.17703720681 98.596373342
96 processo96 1.88698576787 98.2446466005
97 processo97 4.23747795139 113.120561296
98 processo98 2.92716243393 114.997690601
99 processo99 1.29600677333 110.492963333
