0 processo0 4.24642081469 21.961996536
1 processo1 0.400472256295 1.82725286562
2 processo2 5.99612020205 30.7693030796
3 processo3 1.46844325742 12.0783011742
4 processo4 4.07238011333 25.2508447077
5 processo5 5.30782768526 54.0475082719
6 processo6 3.84225920901 35.8540644234
7 processo7 0.211443713642 10.0587244229
8 processo8 0.982174609509 18.723319546
9 processo9 0.853414603914 16.0313458574
10 processo10 3.33038655967 31.1063483844
11 processo11 2.20258796219 22.4006759225
12 processo12 3.6601943276 31.6302690034
13 processo13 0.631523569053 15.0519481771
14 processo14 5.15239560619 41.5602944093
15 processo15 5.61012614828 38.6223246852
16 processo16 2.45025756781 30.3694567558
17 processo17 0.360377843959 20.8442032262
18 processo18 0.522888000686 20.3709595063
19 processo19 4.51964195951 64.9921051931
20 processo20 5.8230893891 72.4563952881
21 processo21 2.89966749343 34.6740848858
22 processo22 1.45563836464 28.1910959959
23 processo23 4.35456714959 39.1890995345
24 processo24 1.91776560643 41.6370010162
25 processo25 0.73742140255 32.6485954253
26 processo26 1.0727703217 37.1809960842
27 processo27 1.96746291793 46.8609207325
28 processo28 3.34222560113 37.0412560835
29 processo29 2.49015012845 35.8548752903
30 processo30 5.46143511264 55.553195852
31 processo31 5.28267889445 42.8724285222
32 processo32 0.91984405633 33.206716997
33 processo33 0.699387943701 37.6633426392
34 processo34 0.425121303577 35.3898317388
35 processo35 3.74383580356 62.0875433802
36 processo36 2.60410023067 47.1661621731
37 processo37 1.90037489385 46.1861591147
38 processo38 5.94790408225 48.9612613145
39 processo39 0.186424682937 40.6529926949
40 processo40 5.83127151844 67.8699093309
41 processo41 5.86503192598 88.3656097867
42 processo42 0.962834812525 46.8492831991
43 processo43 1.90504455113 53.4587492908
44 processo44 3.68589707027 72.7010106546
45 processo45 0.915706677618 49.4589660377
46 processo46 3.8115860396 82.3203521169
47 processo47 1.20097559811 52.3794989117
48 processo48 3.92064510892 61.6164690406
49 processo49 0.574510872711 55.2658977056
50 processo50 5.32291623197 98.8343498714
51 processo51 0.551089313931 55.0579081967
52 processo52 4.34929132637 60.9394775098
53 processo53 1.83520565757 67.6796714538
54 processo54 3.06446813821 78.2808187124
55 processo55 2.96546134279 84.6980195251
56 processo56 1.90609011615 73.1358071211
57 processo57 0.498804652396 57.5719749621
58 processo58 1.1850877719 67.9921252115
59 processo59 2.52675278905 68.847850533
60 processo60 0.116345057629 61.4140566334
61 processo61 5.36496106448 104.039513274
62 processo62 4.92651431365 71.0665808624
63 processo63 0.403764148193 63.7859949393
64 processo64 0.360829873203 67.1405619441
65 processo65 1.91603734395 84.8517081095
66 processo66 5.90653631958 74.5140705885
67 processo67 0.152849882674 69.0564485596
68 processo68 3.80643618219 81.728101622
69 processo69 5.00811972686 119.663009447
70 processo70 4.12843151105 86.0208262212
71 processo71 1.67144166107 85.4623803666
72 processo72 2.44455681618 80.5891092262
73 processo73 1.50003283165 78.8761361592
74 processo74 0.835497589496 80.8582043904
75 processo75 0.227829644639 76.3646315307
76 processo76 2.2031236155 79.4269708988
77 processo77 0.242078291669 79.5521555163
78 processo78 1.43951927356 91.8201294501
79 processo79 0.999162860852 82.6359972
80 processo80 4.16242224289 96.5372815907
81 processo81 4.06692583431 115.885800747
82 processo82 3.37608682328 113.798497403
83 processo83 0.858188989541 92.2204081718
84 processo84 3.28194194626 107.957754518
85 processo85 0.674527094709 90.8252174943
86 processo86 0.826258464772 91.4133051704
87 processo87 2.03718651199 99.5101575678
88 processo88 3.79148438203 124.923220268
89 processo89 1.48760249247 93.8771324121
90 processo90 2.63045473764 101.096531817
91 processo91 4.55302167538 103.351179057
92 processo92 1.9119472209 97.2471068451
93 processo93 4.60443523855 106.529065369
94 processo94 1.33049482171 102.37991689
95 processo95 2.29690437461 106.514437699
96 processo96 3.11370565541 110.805868164
97 processo97 3.74800982156 109.393503388
98 processo98 0.323230288243 98.9230652293
99 processo99 5.17921955148 127.650687067
