0 processo0 0.10044899194 1.36747351076
1 processo1 3.50746416737 8.14444911564
2 processo2 2.80202196972 26.6203342631
3 processo3 1.14375494501 10.9358786054
4 processo4 5.82195601696 44.5775992541
5 processo5 0.301356154148 5.49419543107
6 processo6 3.46674146093 30.8232644372
7 processo7 4.12316008531 32.6916882984
8 processo8 1.88173696989 15.0105643104
9 processo9 2.47326989603 23.1360134156
10 processo10 4.41596618197 24.8221347005
11 processo11 0.714148305835 17.5599951226
12 processo12 5.16748594512 64.2652795515
13 processo13 4.43392156426 19.8095420049
14 processo14 0.467560326141 16.2393789153
15 processo15 4.25442230205 37.4187813964
16 processo16 5.9653546009 35.5244957869
17 processo17 5.59897462346 62.2641638944
18 processo18 5.04385652853 42.4529095407
19 processo19 5.02536450075 43.1605492072
20 processo20 4.24216769048 26.0767840034
21 processo21 2.20437995892 27.8541574701
22 processo22 1.8817422299 25.4910054029
23 processo23 2.34898198107 46.0370938207
24 processo24 2.62128774633 32.5157255309
25 processo25 4.54559011718 63.5753033048
26 processo26 1.30115150538 31.5124078339
27 processo27 2.6869323358 30.3007472999
28 processo28 2.7942908761 31.682799043
29 processo29 2.65476083697 48.7188023144
30 processo30 2.87704248482 51.1949832531
31 processo31 4.6297026977 74.5445427301
32 processo32 4.5231754905 36.7023033863
33 processo33 0.534407142216 36.7232382864
34 processo34 3.1765808619 44.9796958756
35 processo35 5.50114158153 73.5722004485
36 processo36 2.77880352296 57.3139535367
37 processo37 1.03487429424 40.9807314689
38 processo38 5.30862782479 48.0580266253
39 processo39 2.19928884284 56.8414915508
40 processo40 1.79572981222 42.6699191667
41 processo41 2.39933177423 65.8865739289
42 processo42 4.24657220214 63.1509351303
43 processo43 2.2950013838 49.8517448613
44 processo44 0.212270135496 44.9007230948
45 processo45 2.41628008584 47.4380404199
46 processo46 1.80916641635 65.0831062221
47 processo47 2.80889683602 50.1350066862
48 processo48 2.81345495966 65.9038771135
49 processo49 3.82600341591 64.7404423582
50 processo50 2.42634533682 66.3405454232
51 processo51 3.1967837556 57.1253863048
52 processo52 3.55795628256 61.4770848053
53 processo53 5.32901794159 59.3704013375
54 processo54 5.14564095551 59.6391969409
55 processo55 0.519321937213 59.7869275744
56 processo56 2.40547384172 69.8189199597
57 processo57 1.90641805485 65.2766596499
58 processo58 5.79364045202 111.756305156
59 processo59 3.17366158065 77.0159585337
60 processo60 2.75809443814 73.3699710052
61 processo61 0.207802312207 61.8762059082
62 processo62 5.84876032186 110.232068365
63 processo63 4.353722448 94.0345546404
64 processo64 4.79214791637 110.760154679
65 processo65 1.07804833039 74.3280645717
66 processo66 4.67918354585 83.3414560822
67 processo67 0.142576715199 68.3628246071
68 processo68 3.56974778667 97.1803888871
69 processo69 5.24796826066 98.3480907086
70 processo70 2.24506071376 89.3918271084
71 processo71 1.74860075045 75.5860363516
72 processo72 1.44408942975 79.3926280488
73 processo73 2.90117177105 90.1350575716
74 processo74 4.2166450409 101.529393129
75 processo75 2.57484782513 85.1058634369
76 processo76 5.81550781919 85.6115462924
77 processo77 4.83506272726 82.4367987278
78 processo78 0.513372767811 81.2341305723
79 processo79 3.08924316217 101.100660988
80 processo80 3.74688899364 89.6576974648
81 processo81 4.94053837789 129.942491695
82 processo82 5.97993835077 137.28285779
83 processo83 2.0230108291 86.1806280463
84 processo84 1.11593255625 95.1261164995
85 processo85 3.5679246652 102.172287086
86 processo86 3.56234796622 109.101467432
87 processo87 3.57497484818 113.965124887
88 processo88 4.89104300128 98.2950779424
89 processo89 1.82220351042 96.9428335195
90 processo90 4.4548519487 95.7126377349
91 processo91 4.14420124761 103.014876666
92 processo92 2.1080875704 106.437094282
93 processo93 1.45899273249 96.3530501943
94 processo94 2.52490066534 98.89757942
95 processo95 1.09524075506 103.584381362
96 processo96 3.88859445929 131.773111777
97 processo97 4.72029424563 129.140759454
98 processo98 3.96502143414 136.211275135
99 processo99 4.2386145967 139.723668025
