0 processo0 3.48740546258 7.14667882302
1 processo1 2.18246495695 4.53337600111
2 processo2 3.04484740707 19.2281153624
3 processo3 3.88943493134 27.4347772753
4 processo4 4.34431629496 30.5585578163
5 processo5 2.14403765835 21.2522542371
6 processo6 2.32582094143 27.7934255359
7 processo7 0.627809939764 12.3787604985
8 processo8 0.595820002509 11.5828540544
9 processo9 5.82947364282 27.9909171964
10 processo10 4.88738421562 24.3255407646
11 processo11 0.369912746984 13.2635609759
12 processo12 4.25976627526 17.9011080129
13 processo13 1.97790198867 29.9237036226
14 processo14 1.41515635333 22.9321054467
15 processo15 2.33617838934 18.5712777127
16 processo16 1.87691731581 28.4507093296
17 processo17 1.16870650272 26.9895269976
18 processo18 1.09704530905 19.5675717191
19 processo19 1.04615403376 28.170758227
20 processo20 3.80382352932 32.9701212148
21 processo21 3.71187870265 57.0978491096
22 processo22 4.16665152355 42.6071285589
23 processo23 2.76650251919 28.5405398969
24 processo24 0.591400983839 28.7866051515
25 processo25 3.15630500647 44.6975186222
26 processo26 5.88441833469 69.4201320404
27 processo27 0.683906059974 33.1559393243
28 processo28 1.61629886772 31.4005920555
29 processo29 2.98716203692 44.4202743477
30 processo30 4.64230144802 61.4293203947
31 processo31 4.49243172701 75.0188217987
32 processo32 5.23668525248 66.4726754975
33 processo33 5.36567400696 59.6454137904
34 processo34 4.94977964127 73.7833384321
35 processo35 2.37165489727 44.1315665175
36 processo36 5.10643978174 79.6871942764
37 processo37 1.23643885105 39.3319911404
38 processo38 2.41408433562 61.5965748927
39 processo39 3.84196492786 47.0007064236
40 processo40 1.00397861069 48.0658480855
41 processo41 5.41406343223 93.6108662859
42 processo42 1.99272857449 46.1480703906
43 processo43 4.65543408486 87.3799232686
44 processo44 1.0057672858 48.8738618594
45 processo45 1.98079466524 58.0743370733
46 processo46 3.32161462567 68.1670921039
47 processo47 1.824370374 53.2377385369
48 processo48 0.573321273152 51.5532367389
49 processo49 0.155387141369 49.6021698171
50 processo50 0.957408435308 54.3678755999
51 processo51 4.26760088888 81.8985094876
52 processo52 2.06896407856 54.9211794985
53 processo53 1.48796138019 55.859147919
54 processo54 0.675519180576 60.3893444702
55 processo55 5.10696496236 103.02449848
56 processo56 0.395918568598 59.3934608638
57 processo57 1.50804204973 65.065503356
58 processo58 0.757254366999 59.0656408006
59 processo59 0.292851226279 61.454794958
60 processo60 0.00791877559698 60.2854889525
61 processo61 4.90993632911 78.8450264274
62 processo62 2.57835574966 73.0308814266
63 processo63 5.14499956507 74.56133897
64 processo64 5.66564545204 104.17094673
65 processo65 3.52152449568 83.0338868308
66 processo66 3.20935741358 70.4883282311
67 processo67 5.71037297962 82.3148720861
68 processo68 4.72852544984 116.078128831
69 processo69 5.03267089266 114.154154494
70 processo70 0.292708249083 73.8911821388
71 processo71 0.743409073796 78.5713173677
72 processo72 4.62026560845 90.657559927
73 processo73 3.51779941923 88.5489406572
74 processo74 5.03521199051 103.281499947
75 processo75 2.4289432334 88.6138004873
76 processo76 1.19352105563 83.8328705812
77 processo77 3.88376039156 85.9937798676
78 processo78 2.47877511471 81.4464979584
79 processo79 0.599053672756 81.8450005258
80 processo80 2.98644408157 83.8487335272
81 processo81 5.06562663338 90.8997547394
82 processo82 1.52537684702 91.1139004656
83 processo83 4.13716779291 102.370088891
84 processo84 5.4683625232 98.1651096533
85 processo85 3.42992682114 112.335259714
86 processo86 1.34437419674 89.2528294849
87 processo87 0.981857428019 95.5009980757
88 processo88 5.06357196747 101.909429272
89 processo89 2.03000303844 98.4895603461
90 processo90 0.0440882058669 91.3257152463
91 processo91 0.91212234503 97.8981887497
92 processo92 0.743899109115 97.0261539786
93 processo93 3.69640285772 102.569157266
94 processo94 2.40507514025 105.842841497
95 processo95 0.419626809387 97.9101116636
96 processo96 4.36620522977 111.530603877
97 processo97 0.149577537355 98.3233438129
98 processo98 1.36344910415 105.002982881
99 processo99 1.37225145811 101.332548792
