0 processo0 5.27577772716 53.6628861873
1 processo1 4.94073131898 17.3897725466
2 processo2 0.919760406644 10.5232822921
3 processo3 5.33489811174 16.3046204657
4 processo4 5.04764597279 33.5588058684
5 processo5 2.15391483918 20.2195187698
6 processo6 4.81919030156 39.4665146276
7 processo7 1.73659759247 22.5965412225
8 processo8 3.77246390182 36.5965757959
9 processo9 2.03542656663 26.7172066988
10 processo10 5.7410774648 26.2473513611
11 processo11 2.10546036318 19.7611132654
12 processo12 5.43129479919 26.5126592612
13 processo13 4.91124551994 29.1247402711
14 processo14 1.4148680535 28.8357933363
15 processo15 3.00597659906 19.4291453176
16 processo16 4.35363638647 40.603060854
17 processo17 1.23594193727 22.3802476352
18 processo18 5.5717740323 46.950777219
19 processo19 4.70521822686 51.8699496015
20 processo20 2.95502488899 34.1619264133
21 processo21 0.400695093214 23.9937126388
22 processo22 4.61953032608 56.0530613719
23 processo23 3.63480204805 47.1733913724
24 processo24 1.44828991223 30.9940917063
25 processo25 3.71990099227 44.2774015152
26 processo26 2.27498081917 48.40876653
27 processo27 2.80445860313 46.0508941094
28 processo28 1.1172350322 38.1523911985
29 processo29 3.94357437969 57.8100411939
30 processo30 1.58732716243 38.4471912843
31 processo31 1.98401915723 47.1670879023
32 processo32 0.602229401016 37.8509057808
33 processo33 2.21667897486 35.7586851822
34 processo34 4.93908010254 74.8011202857
35 processo35 4.85425105127 74.8840614056
36 processo36 0.14291994078 38.1274772168
37 processo37 2.63332491844 46.5239525716
38 processo38 0.664778176127 43.8654961187
39 processo39 3.48364118702 65.5134670329
40 processo40 0.150446346016 40.6465816197
41 processo41 2.60293676074 48.4276193557
42 processo42 3.79392878296 64.8961541021
43 processo43 0.359468892481 45.6643745863
44 processo44 5.82505765102 92.9151108327
45 processo45 4.28289117407 51.7153749563
46 processo46 0.252979266909 46.4714406466
47 processo47 2.9202024855 53.0703582229
48 processo48 5.73901431127 55.1024432179
49 processo49 0.110779528427 49.7915832692
50 processo50 1.05634863039 51.5093698083
51 processo51 1.98547599234 69.6431294665
52 processo52 0.847705632901 56.3918309004
53 processo53 4.41860480901 87.3859072874
54 processo54 5.22100229445 87.1397669555
55 processo55 0.387407720676 59.4087319504
56 processo56 2.8741845293 71.96521574
57 processo57 4.00907426665 64.699543415
58 processo58 0.411103830793 60.8183852001
59 processo59 1.26603348789 69.6201366713
60 processo60 3.33407601375 71.3272977873
61 processo61 4.11057620991 90.7858858711
62 processo62 0.990445918351 68.9088984985
63 processo63 3.12551355151 84.6931899019
64 processo64 0.648900853269 70.4438631431
65 processo65 4.54371474834 106.655509216
66 processo66 4.23897822909 76.1385533254
67 processo67 0.536749397246 72.3841078763
68 processo68 0.786434740588 74.5279186324
69 processo69 5.30125491748 111.027374038
70 processo70 4.0963632293 83.8033137852
71 processo71 5.2548141699 104.854051624
72 processo72 5.18890649976 119.035755319
73 processo73 1.82897449617 88.585874094
74 processo74 2.0534890356 78.1034716268
75 processo75 0.678528196067 78.3283258105
76 processo76 5.05357527681 114.172077255
77 processo77 4.8161545087 107.355864636
78 processo78 4.55956527393 98.8401731145
79 processo79 2.0618568784 91.498393456
80 processo80 0.296558945892 83.9638689143
81 processo81 4.95327350757 89.4709172895
82 processo82 4.0369954366 105.856044129
83 processo83 5.17918052356 131.614235419
84 processo84 0.939058142986 88.7848144999
85 processo85 4.80410364049 125.66513997
86 processo86 0.820841331025 90.3622203595
87 processo87 3.73418514833 120.659196417
88 processo88 4.08582619187 108.780884667
89 processo89 0.0593285310464 89.1027274048
90 processo90 4.34099699425 130.600469761
91 processo91 3.2142508634 111.401813896
92 processo92 4.57302587833 107.290602548
93 processo93 0.0989713654736 94.3994347138
94 processo94 3.99931218871 133.076034609
95 processo95 5.28314409605 145.157463781
96 processo96 1.77210573506 105.633710844
97 processo97 2.08152837698 109.438861461
98 processo98 1.81796839345 99.8956986065
99 processo99 0.610082831348 99.7883104889
