0 processo0 4.54114605869 29.5208275491
1 processo1 5.50511508878 36.5766689237
2 processo2 3.73913007205 30.4249479867
3 processo3 4.95342449865 33.794306076
4 processo4 3.06247544262 14.1804499655
5 processo5 1.60444149227 7.37861259799
6 processo6 2.85351882404 12.1123006959
7 processo7 5.22997834446 24.0305309041
8 processo8 4.93158076714 13.3686338683
9 processo9 1.74431065822 13.8324852632
10 processo10 5.09672205413 47.0816631267
11 processo11 5.55393327222 32.1678888145
12 processo12 1.13905225863 13.881048589
13 processo13 5.02060190144 29.860587671
14 processo14 2.96096417441 39.9028458356
15 processo15 2.33218308393 24.5970782234
16 processo16 5.00206924032 62.1396567928
17 processo17 3.49490478889 49.0214454851
18 processo18 3.26813954803 38.1500309247
19 processo19 5.96797126277 70.7964719926
20 processo20 3.69601529553 25.4269697912
21 processo21 2.2094545167 26.6342266414
22 processo22 3.91113025269 32.7259151854
23 processo23 3.99970347069 41.5904762275
24 processo24 5.51241215682 51.9692211128
25 processo25 2.61938965951 28.7329761929
26 processo26 0.663502262726 28.7440335713
27 processo27 4.78975457065 68.1419316412
28 processo28 2.20951574346 34.4084143879
29 processo29 3.22256257607 38.0585256369
30 processo30 3.31214764591 51.3504299164
31 processo31 5.05684853416 63.7349027836
32 processo32 1.78728993987 41.8945038945
33 processo33 5.23299736749 71.8082988499
34 processo34 4.03856630903 67.480161113
35 processo35 1.95313795684 51.2826407218
36 processo36 3.15247951182 41.3422914275
37 processo37 5.34893538968 57.1619171503
38 processo38 2.58521915054 62.6817862986
39 processo39 2.61795475455 47.2027101989
40 processo40 0.624934852658 43.5010859346
41 processo41 3.17812974537 51.6762967671
42 processo42 4.70592309377 75.4612421381
43 processo43 2.86420605373 66.7843877291
44 processo44 2.41550878213 64.7116900437
45 processo45 0.395152212876 46.2531098595
46 processo46 0.377029371507 47.6105670156
47 processo47 0.014638828467 48.0239272758
48 processo48 4.14514887495 64.0721494894
49 processo49 4.10416496428 56.1376754232
50 processo50 0.104820493706 50.8352110487
51 processo51 0.928548698432 60.7085480505
52 processo52 5.58418673942 75.9550323657
53 processo53 2.94575319979 60.5037854476
54 processo54 5.3004653063 94.2159085392
55 processo55 1.93347930015 65.2627797332
56 processo56 4.5563368892 63.3701096461
57 processo57 1.19918815986 65.8831714155
58 processo58 3.46197886977 72.1416026288
59 processo59 5.9402914321 118.85629431
60 processo60 3.23757482592 92.5854836625
61 processo61 4.73217960486 90.409657335
62 processo62 3.95006027358 87.2586969649
63 processo63 2.75381921372 89.8638367891
64 processo64 5.57008977237 69.7945651748
65 processo65 5.10618875092 103.226476342
66 processo66 4.40306202678 74.3120797867
67 processo67 2.0647330283 72.6904908909
68 processo68 2.03452050628 76.6673638913
69 processo69 0.434808030436 72.1453943616
70 processo70 1.40512242209 76.0046802756
71 processo71 5.60529547108 111.7973269
72 processo72 0.414260831575 76.8063826456
73 processo73 5.75458034217 100.844551252
74 processo74 1.10083900297 77.5459380943
75 processo75 4.42589628835 101.834444721
76 processo76 4.26521094169 84.6112319231
77 processo77 5.61449324854 120.526848384
78 processo78 1.47153002964 87.227172038
79 processo79 3.80083903367 91.316823478
80 processo80 2.15003494671 92.826615909
81 processo81 5.0870728531 98.1811030648
82 processo82 4.8559956507 92.0476161081
83 processo83 2.30275043229 92.6437274939
84 processo84 1.64260644391 97.2752711255
85 processo85 5.53972578228 96.4542183309
86 processo86 1.7811537135 102.264750016
87 processo87 2.27563980576 90.8154511707
88 processo88 5.44412614453 122.651295179
89 processo89 3.4531992806 95.6549753834
90 processo90 2.64543526921 115.017719499
91 processo91 0.571361545144 91.6357099121
92 processo92 5.99641511024 140.697347772
93 processo93 0.748377903096 96.3780004097
94 processo94 1.77073590085 108.394476886
95 processo95 4.39583622387 107.540817789
96 processo96 3.62815168961 100.011009801
97 processo97 0.335731150331 100.752118577
98 processo98 2.55621004658 106.425810425
99 processo99 2.86767258518 127.557520073
