0 processo0 3.01996411222 3.83362568893
1 processo1 5.69788945515 18.984313795
2 processo2 4.8118687608 41.7709468471
3 processo3 2.41616384645 9.61985912481
4 processo4 2.90864392488 23.271789712
5 processo5 1.5245366384 10.7726795456
6 processo6 3.16020188162 19.2067552105
7 processo7 4.13299392847 32.1020505954
8 processo8 0.403451470719 9.01869094657
9 processo9 0.0190721307735 9.82360251773
10 processo10 3.18249528834 36.4780394641
11 processo11 2.40208762212 14.3047004459
12 processo12 3.08473957327 28.2040905602
13 processo13 2.30794140728 21.632976582
14 processo14 3.14429784599 22.5299203498
15 processo15 4.18788480596 27.83983561
16 processo16 3.22310207375 33.5388114625
17 processo17 5.47489872321 57.6477069277
18 processo18 3.29929735485 39.2711523234
19 processo19 2.19123242911 34.584571729
20 processo20 4.16599136759 24.5811585326
21 processo21 2.20672880712 32.6463556474
22 processo22 4.34066061702 51.8276234241
23 processo23 2.66538637463 42.3780927655
24 processo24 5.56235522924 43.3315030751
25 processo25 4.26258821019 49.7550698581
26 processo26 4.37228823624 31.3104463298
27 processo27 2.81433872618 32.7194919651
28 processo28 0.108319914202 29.138325894
29 processo29 1.77604185187 45.7971411396
30 processo30 5.77064846802 84.1485782105
31 processo31 5.8016148921 61.199995005
32 processo32 4.64911928888 57.3893890794
33 processo33 5.47492277787 75.7394770408
34 processo34 5.65246310962 68.5082770572
35 processo35 1.72108380006 46.473394562
36 processo36 3.77855663015 60.6584149743
37 processo37 0.924548194026 42.1945447765
38 processo38 3.12179488901 59.3212696602
39 processo39 1.84764252136 50.1877489995
40 processo40 0.470172515813 40.7638253084
41 processo41 5.97870879034 80.8346452111
42 processo42 0.626989135558 45.5259398808
43 processo43 5.34652667588 65.4863241167
44 processo44 0.00702569319488 44.5912790461
45 processo45 5.51677831628 69.543683395
46 processo46 5.35299296799 97.6161977507
47 processo47 5.96888058415 79.3682283683
48 processo48 2.97395068203 71.435933744
49 processo49 4.33031363065 80.8906511438
50 processo50 3.88557798379 79.323945521
51 processo51 0.539957758611 52.3893904435
52 processo52 1.83463323997 65.6587305288
53 processo53 1.14827218048 54.9431236935
54 processo54 5.85329722974 88.7191021859
55 processo55 3.0351343011 58.6222189962
56 processo56 5.96473260827 76.2628287828
57 processo57 5.91542279028 96.9964681537
58 processo58 4.59143010987 88.8122211693
59 processo59 0.313358210415 59.7274867971
60 processo60 0.692041713657 65.8277132136
61 processo61 0.836573601188 62.3851361096
62 processo62 1.54819308484 71.4127434684
63 processo63 0.909142069511 66.7405884855
64 processo64 5.58423628803 109.232332635
65 processo65 0.0313272221489 66.0613736099
66 processo66 5.91957245016 80.0702934421
67 processo67 4.294296235 99.0308141514
68 processo68 1.09398486305 71.8547168192
69 processo69 0.676808793486 75.8631798386
70 processo70 5.48383883469 85.1715475281
71 processo71 4.66063533576 98.6849416722
72 processo72 2.5822345478 79.2855450794
73 processo73 1.75430080679 85.8892205993
74 processo74 2.52858722049 97.8757238671
75 processo75 0.658848765434 75.9500164502
76 processo76 4.8235385921 124.448671846
77 processo77 2.19150837161 85.5084859864
78 processo78 3.46654969103 103.337090932
79 processo79 4.82559238858 117.732433712
80 processo80 4.17113912981 91.9210934402
81 processo81 3.84240549115 110.42696436
82 processo82 5.05012060287 94.126807516
83 processo83 1.3762397494 94.6867293267
84 processo84 2.13575567355 100.233437389
85 processo85 1.08908696457 90.9280722617
86 processo86 5.4454073473 96.9845354144
87 processo87 3.40887264169 92.2673977812
88 processo88 2.32052676523 100.248783609
89 processo89 2.25776838458 94.011105252
90 processo90 4.31679301074 118.772819716
91 processo91 3.42678341196 118.884452236
92 processo92 5.19959150615 109.297011765
93 processo93 4.50729923172 137.519094322
94 processo94 4.7035514925 100.496574897
95 processo95 0.62071557658 100.160325018
96 processo96 2.52994714746 112.081971225
97 processo97 4.47789678343 132.907566016
98 processo98 0.561439468417 102.386699114
99 processo99 2.69049416465 112.588477753
